 Zini     MH   logAge Mini        int_IMF         Mass   logL    logTe  logg  label   McoreTP C_O  period0  period1  period2  period3  period4  pmode  Mloss  tau1m   X   Y   Xc  Xn  Xo  Cexcess  Z 	 mbolmag  Gmag    G_BPmag  G_RPmag
0.0152 0.01508 9.47712 0.0900000036 1.0816895962    0.090 -3.424  3.3622  5.217    1  0.000  0.545     0.00     0.00     0.00     0.00     0.00 -1 -3.89e-17      0.00 7.089e-01 2.759e-01 2.746e-03 7.408e-04 6.719e-03 -1.000 1.527e-02 13.330 15.384 18.311 13.893
0.0152 0.01508 9.47712 0.1000000015 1.1711064577    0.100 -3.242  3.3881  5.184    0  0.000  0.545     0.00     0.00     0.00     0.00     0.00 -1 -5.84e-17      0.00 7.088e-01 2.760e-01 2.746e-03 7.408e-04 6.719e-03 -1.000 1.527e-02 12.874 14.927 17.841 13.437
0.0152 0.01508 9.47712 0.1167739853 1.2976747751    0.117 -3.017  3.4176  5.145    1  0.000  0.545     0.00     0.00     0.00     0.00     0.00 -1 -9.47e-17      0.00 7.085e-01 2.762e-01 2.746e-03 7.408e-04 6.719e-03 -1.000 1.527e-02 12.312 14.344 17.216 12.860
0.0152 0.01508 9.47712 0.1200000122 1.3193155527    0.120 -2.977  3.4228  5.138    1  0.000  0.545     0.00     0.00     0.00     0.00     0.00 -1 -1.03e-16      0.00 7.085e-01 2.762e-01 2.746e-03 7.408e-04 6.719e-03 -1.000 1.527e-02 12.214 14.187 16.976 12.716
0.0152 0.01508 9.47712 0.1400000006 1.4384527206    0.140 -2.794  3.4431  5.102    1  0.000  0.545     0.00     0.00     0.00     0.00     0.00 -1 -1.52e-16      0.00 7.083e-01 2.764e-01 2.746e-03 7.408e-04 6.719e-03 -1.000 1.527e-02 11.755 13.452 15.867 12.047
0.0152 0.01508 9.47712 0.1523579359 1.5015255213    0.152 -2.705  3.4516  5.084    0  0.000  0.545     0.00     0.00     0.00     0.00     0.00 -1 -1.83e-16      0.00 7.081e-01 2.766e-01 2.746e-03 7.408e-04 6.719e-03 -1.000 1.527e-02 11.531 13.118 15.386 11.741
0.0152 0.01508 9.47712 0.1599999964 1.5372931957    0.160 -2.653  3.4566  5.073    0  0.000  0.545     0.00     0.00     0.00     0.00     0.00 -1 -2.03e-16      0.00 7.080e-01 2.767e-01 2.746e-03 7.408e-04 6.719e-03 -1.000 1.527e-02 11.402 12.926 15.106 11.566
0.0152 0.01508 9.47712 0.2000000030 1.6938791275    0.200 -2.437  3.4753  5.029    1  0.000  0.545     0.00     0.00     0.00     0.00     0.00 -1 -3.14e-16      0.00 7.077e-01 2.770e-01 2.746e-03 7.408e-04 6.719e-03 -1.000 1.527e-02 10.863 12.168 14.056 10.873
0.0152 0.01508 9.47712 0.2500000000 1.8403258324    0.250 -2.233  3.4918  4.988    1  0.000  0.545     0.00     0.00     0.00     0.00     0.00 -1 -4.72e-16      0.00 7.073e-01 2.774e-01 2.746e-03 7.408e-04 6.719e-03 -1.000 1.527e-02 10.352 11.481 13.138 10.244
0.0152 0.01508 9.47712 0.3243963718 1.9993394613    0.324 -1.995  3.5070  4.924    1  0.000  0.545     0.00     0.00     0.00     0.00     0.00 -1 -7.72e-16      0.00 7.084e-01 2.763e-01 2.746e-03 7.408e-04 6.719e-03 -1.000 1.527e-02 9.756 10.752 12.244 9.564
0.0152 0.01508 9.47712 0.3495603204 2.0426962376    0.350 -1.917  3.5111  4.895    0  0.000  0.545     0.00     0.00     0.00     0.00     0.00 -1 -9.19e-16      0.00 7.091e-01 2.756e-01 2.746e-03 7.408e-04 6.719e-03 -1.000 1.527e-02 9.562 10.524 11.976 9.349
0.0152 0.01508 9.47712 0.3500000238 2.0434176922    0.350 -1.916  3.5112  4.895    0  0.000  0.545     0.00     0.00     0.00     0.00     0.00 -1 -9.21e-16      0.00 7.091e-01 2.756e-01 2.746e-03 7.408e-04 6.719e-03 -1.000 1.527e-02 9.559 10.520 11.972 9.345
0.0152 0.01508 9.47712 0.3512056470 2.0453891754    0.351 -1.912  3.5115  4.893    0  0.000  0.545     0.00     0.00     0.00     0.00     0.00 -1 -9.29e-16      0.00 7.091e-01 2.756e-01 2.746e-03 7.408e-04 6.719e-03 -1.000 1.527e-02 9.549 10.509 11.957 9.334
0.0152 0.01508 9.47712 0.4000000358 2.1185026169    0.400 -1.774  3.5225  4.856    0  0.000  0.545     0.00     0.00     0.00     0.00     0.00 -1 -1.25e-15      0.00 7.092e-01 2.756e-01 2.746e-03 7.408e-04 6.719e-03 -1.000 1.527e-02 9.204 10.080 11.432 8.939
0.0152 0.01508 9.47712 0.4500000477 2.1822810173    0.450 -1.624  3.5345  4.805    1  0.000  0.545     0.00     0.00     0.00     0.00     0.00 -1 -1.76e-15      0.00 7.092e-01 2.755e-01 2.746e-03 7.408e-04 6.719e-03 -1.000 1.527e-02 8.831 9.625 10.885 8.519
0.0152 0.01508 9.47712 0.5000000000 2.2374541759    0.500 -1.470  3.5492  4.756    1  0.000  0.545     0.00     0.00     0.00     0.00     0.00 -1 -2.53e-15      0.00 7.092e-01 2.755e-01 2.746e-03 7.408e-04 6.719e-03 -1.000 1.527e-02 8.444 9.146 10.307 8.080
0.0152 0.01508 9.47712 0.5091221333 2.2466645241    0.509 -1.439  3.5528  4.747    1  0.000  0.545     0.00     0.00     0.00     0.00     0.00 -1 -2.72e-15      0.00 7.103e-01 2.745e-01 2.736e-03 7.381e-04 6.694e-03 -1.000 1.521e-02 8.367 9.047 10.185 7.991
0.0152 0.01508 9.47712 0.5500000119 2.2836582661    0.550 -1.306  3.5680  4.708    1  0.000  0.545     0.00     0.00     0.00     0.00     0.00 -1 -3.71e-15      0.00 7.163e-01 2.688e-01 2.682e-03 7.238e-04 6.565e-03 -1.000 1.491e-02 8.034 8.620 9.664 7.609
0.0152 0.01508 9.47712 0.6000000238 2.3211214542    0.600 -1.142  3.5912  4.674    1  0.000  0.545     0.00     0.00     0.00     0.00     0.00 -1 -5.39e-15      0.00 7.174e-01 2.678e-01 2.674e-03 7.214e-04 6.544e-03 -1.000 1.487e-02 7.624 8.078 8.996 7.133
0.0152 0.01508 9.47712 0.6135179996 2.3300518990    0.613 -1.096  3.5989  4.669    1  0.000  0.545     0.00     0.00     0.00     0.00     0.00 -1 -5.95e-15      0.00 7.176e-01 2.675e-01 2.671e-03 7.208e-04 6.538e-03 -1.000 1.486e-02 7.509 7.925 8.808 7.001
0.0152 0.01508 9.47712 0.6499999762 2.3520355225    0.650 -0.977  3.6189  4.655    1  0.000  0.545     0.00     0.00     0.00     0.00     0.00 -1 -7.73e-15      0.00 7.184e-01 2.668e-01 2.665e-03 7.191e-04 6.523e-03 -1.000 1.485e-02 7.212 7.531 8.325 6.660
0.0152 0.01508 9.47712 0.6576489806 2.3562903404    0.658 -0.952  3.6234  4.653    1  0.000  0.545     0.00     0.00     0.00     0.00     0.00 -1 -8.16e-15      0.00 7.185e-01 2.667e-01 2.664e-03 7.188e-04 6.520e-03 -1.000 1.483e-02 7.149 7.447 8.221 6.588
0.0152 0.01508 9.47712 0.7000000477 2.3779268265    0.700 -0.818  3.6477  4.644    1  0.000  0.545     0.00     0.00     0.00     0.00     0.00 -1 -1.09e-14      0.00 7.193e-01 2.659e-01 2.657e-03 7.171e-04 6.505e-03 -1.000 1.475e-02 6.816 6.995 7.661 6.208
0.0152 0.01508 9.47712 0.7278609276 2.3905923367    0.728 -0.733  3.6639  4.640    1  0.000  0.541     0.00     0.00     0.00     0.00     0.00 -1  -1.3e-14      0.00 7.199e-01 2.654e-01 2.632e-03 7.152e-04 6.494e-03 -1.000 1.472e-02 6.601 6.707 7.307 5.966
0.0152 0.01508 9.47712 0.7500000000 2.3998889923    0.750 -0.667  3.6764  4.637    1  0.000  0.537     0.00     0.00     0.00     0.00     0.00 -1  -1.5e-14      0.00 7.203e-01 2.649e-01 2.614e-03 7.140e-04 6.487e-03 -1.000 1.476e-02 6.436 6.492 7.048 5.786
0.0152 0.01508 9.47712 0.7919635177 2.4158811569    0.792 -0.551  3.6942  4.616    1  0.000  0.537     0.00     0.00     0.00     0.00     0.00 -1 -1.95e-14      0.00 7.216e-01 2.637e-01 2.604e-03 7.112e-04 6.462e-03 -1.000 1.469e-02 6.147 6.144 6.644 5.484
0.0152 0.01508 9.47712 0.8000000119 2.4187245369    0.800 -0.529  3.6976  4.612    1  0.000  0.537     0.00     0.00     0.00     0.00     0.00 -1 -2.05e-14      0.00 7.218e-01 2.635e-01 2.602e-03 7.107e-04 6.458e-03 -1.000 1.467e-02 6.092 6.080 6.571 5.428
0.0152 0.01508 9.47712 0.8086178303 2.4217014313    0.808 -0.506  3.7011  4.608    1  0.000  0.537     0.00     0.00     0.00     0.00     0.00 -1 -2.16e-14      0.00 7.221e-01 2.632e-01 2.599e-03 7.100e-04 6.452e-03 -1.000 1.465e-02 6.034 6.012 6.493 5.369
0.0152 0.01508 9.47712 0.8500000238 2.4350347519    0.850 -0.397  3.7173  4.585    1  0.000  0.537     0.00     0.00     0.00     0.00     0.00 -1 -2.78e-14      0.00 7.235e-01 2.619e-01 2.588e-03 7.070e-04 6.424e-03 -1.000 1.459e-02 5.761 5.701 6.139 5.096
0.0152 0.01508 9.47712 0.8844463825 2.4450459480    0.884 -0.308  3.7298  4.564    1  0.000  0.537     0.00     0.00     0.00     0.00     0.00 -1 -3.43e-14      0.00 7.250e-01 2.605e-01 2.576e-03 7.037e-04 6.395e-03 -1.000 1.452e-02 5.541 5.457 5.866 4.879
0.0152 0.01508 9.47712 0.9000000358 2.4492788315    0.899 -0.269  3.7352  4.554    1  0.000  0.537     0.00     0.00     0.00     0.00     0.00 -1 -3.76e-14      0.00 7.257e-01 2.599e-01 2.570e-03 7.022e-04 6.381e-03 -1.000 1.448e-02 5.443 5.350 5.747 4.784
0.0152 0.01508 9.47712 0.9220139384 2.4549896717    0.921 -0.214  3.7424  4.538    1  0.000  0.537     0.00     0.00     0.00     0.00     0.00 -1 -4.29e-14      0.00 7.269e-01 2.587e-01 2.560e-03 6.995e-04 6.357e-03 -1.000 1.443e-02 5.305 5.202 5.581 4.653
0.0152 0.01508 9.47712 0.9500000477 2.4618122578    0.949 -0.145  3.7512  4.517    1  0.000  0.537     0.00     0.00     0.00     0.00     0.00 -1 -5.08e-14      0.00 7.284e-01 2.572e-01 2.547e-03 6.960e-04 6.325e-03 -1.000 1.441e-02 5.133 5.020 5.379 4.493
0.0152 0.01508 9.47712 0.9504350424 2.4619147778    0.950 -0.144  3.7513  4.517    1  0.000  0.537     0.00     0.00     0.00     0.00     0.00 -1 -5.09e-14      0.00 7.285e-01 2.571e-01 2.547e-03 6.959e-04 6.325e-03 -1.000 1.441e-02 5.130 5.018 5.376 4.490
0.0152 0.01508 9.47712 0.9774947762 2.4680795670    0.977 -0.078  3.7591  4.494    1  0.000  0.537     0.00     0.00     0.00     0.00     0.00 -1 -6.01e-14      0.00 7.305e-01 2.552e-01 2.530e-03 6.914e-04 6.284e-03 -1.000 1.431e-02 4.965 4.846 5.187 4.336
0.0152 0.01508 9.47712 1.0000000000 2.4729156494    1.000 -0.023  3.7653  4.475    1  0.000  0.537     0.00     0.00     0.00     0.00     0.00 -1 -6.89e-14      0.00 7.324e-01 2.534e-01 2.515e-03 6.874e-04 6.248e-03 -1.000 1.423e-02 4.829 4.706 5.033 4.211
0.0152 0.01508 9.47712 1.0034502745 2.4736349583    1.003 -0.015  3.7662  4.471    1  0.000  0.537     0.00     0.00     0.00     0.00     0.00 -1    -7e-14      0.00 7.327e-01 2.531e-01 2.512e-03 6.866e-04 6.241e-03 -1.000 1.421e-02 4.808 4.685 5.010 4.192
0.0152 0.01508 9.47712 1.0288093090 2.4787526131    1.028  0.046  3.7725  4.446    1  0.000  0.536     0.00     0.00     0.00     0.00     0.00 -1 -7.88e-14      0.00 7.356e-01 2.503e-01 2.488e-03 6.802e-04 6.184e-03 -1.000 1.409e-02 4.655 4.529 4.840 4.052
0.0152 0.01508 9.47712 1.0499999523 2.4828116894    1.049  0.096  3.7775  4.425    1  0.000  0.536     0.00     0.00     0.00     0.00     0.00 -1 -8.71e-14      0.00 7.382e-01 2.478e-01 2.467e-03 6.744e-04 6.132e-03 -1.000 1.399e-02 4.529 4.401 4.700 3.937
0.0152 0.01508 9.47712 1.0564303398 2.4840064049    1.056  0.112  3.7790  4.418    1  0.000  0.536     0.00     0.00     0.00     0.00     0.00 -1 -8.97e-14      0.00 7.393e-01 2.468e-01 2.458e-03 6.720e-04 6.110e-03 -1.000 1.395e-02 4.491 4.363 4.658 3.902
0.0152 0.01508 9.47712 1.0789517164 2.4880621433    1.078  0.165  3.7838  4.393    1  0.000  0.536     0.00     0.00     0.00     0.00     0.00 -1 -9.95e-14      0.00 7.434e-01 2.429e-01 2.424e-03 6.630e-04 6.030e-03 -1.000 1.376e-02 4.358 4.229 4.514 3.780
0.0152 0.01508 9.47712 1.1000000238 2.4916803837    1.099  0.214  3.7881  4.369    1  0.000  0.536     0.00     0.00     0.00     0.00     0.00 -1  -1.1e-13      0.00 7.476e-01 2.389e-01 2.390e-03 6.538e-04 5.947e-03 -1.000 1.352e-02 4.235 4.105 4.382 3.667
0.0152 0.01508 9.47712 1.1021292210 2.4920375347    1.101  0.219  3.7885  4.367    1  0.000  0.536     0.00     0.00     0.00     0.00     0.00 -1 -1.11e-13      0.00 7.479e-01 2.386e-01 2.388e-03 6.532e-04 5.941e-03 -1.000 1.350e-02 4.222 4.093 4.368 3.655
0.0152 0.01508 9.47712 1.1227853298 2.4954218864    1.122  0.267  3.7924  4.342    1  0.000  0.535     0.00     0.00     0.00     0.00     0.00 -1 -1.22e-13      0.00 7.511e-01 2.355e-01 2.366e-03 6.475e-04 5.891e-03 -1.000 1.340e-02 4.102 3.973 4.241 3.545
0.0152 0.01508 9.47712 1.1416765451 2.4983940125    1.141  0.310  3.7956  4.319    1  0.000  0.535     0.00     0.00     0.00     0.00     0.00 -1 -1.32e-13      0.00 7.537e-01 2.330e-01 2.349e-03 6.431e-04 5.853e-03 -1.000 1.330e-02 3.994 3.865 4.126 3.445
0.0152 0.01508 9.47712 1.1499999762 2.4996678829    1.149  0.329  3.7970  4.309    1  0.000  0.535     0.00     0.00     0.00     0.00     0.00 -1 -1.37e-13      0.00 7.548e-01 2.320e-01 2.343e-03 6.415e-04 5.839e-03 -1.000 1.326e-02 3.947 3.818 4.076 3.401
0.0152 0.01508 9.47712 1.1696839333 2.5025978088    1.169  0.372  3.7997  4.285    1  0.000  0.535     0.00     0.00     0.00     0.00     0.00 -1 -1.49e-13      0.00 7.544e-01 2.322e-01 2.353e-03 6.442e-04 5.865e-03 -1.000 1.338e-02 3.840 3.711 3.963 3.301
0.0152 0.01508 9.47712 1.1903841496 2.5055592060    1.189  0.415  3.8018  4.258    1  0.000  0.535     0.00     0.00     0.00     0.00     0.00 -1 -1.62e-13      0.00 7.539e-01 2.327e-01 2.364e-03 6.477e-04 5.897e-03 -1.000 1.344e-02 3.734 3.605 3.852 3.200
0.0152 0.01508 9.47712 1.2000000477 2.5068950653    1.199  0.433  3.8024  4.245    1  0.000  0.535     0.00     0.00     0.00     0.00     0.00 -1 -1.67e-13      0.00 7.536e-01 2.329e-01 2.371e-03 6.494e-04 5.913e-03 -1.000 1.349e-02 3.687 3.558 3.805 3.155
0.0152 0.01508 9.47712 1.2068902254 2.5078370571    1.206  0.446  3.8027  4.236    1  0.000  0.534     0.00     0.00     0.00     0.00     0.00 -1 -1.71e-13      0.00 7.536e-01 2.329e-01 2.371e-03 6.495e-04 5.914e-03 -1.000 1.348e-02 3.655 3.526 3.772 3.124
0.0152 0.01508 9.47712 1.2500000000 2.5134611130    1.249  0.524  3.8034  4.177    1  0.000  0.534     0.00     0.00     0.00     0.00     0.00 -1 -1.97e-13      0.00 7.536e-01 2.330e-01 2.373e-03 6.505e-04 5.925e-03 -1.000 1.347e-02 3.461 3.331 3.576 2.932
0.0152 0.01508 9.47712 1.2903403044 2.5183346272    1.290  0.593  3.8022  4.116    1  0.000  0.533     0.00     0.00     0.00     0.00     0.00 -1 -2.22e-13      0.00 7.535e-01 2.330e-01 2.376e-03 6.494e-04 5.937e-03 -1.000 1.351e-02 3.287 3.156 3.402 2.754
0.0152 0.01508 9.47712 1.2999999523 2.5194499493    1.299  0.610  3.8017  4.101    1  0.000  0.533     0.00     0.00     0.00     0.00     0.00 -1 -2.28e-13      0.00 7.535e-01 2.330e-01 2.376e-03 6.492e-04 5.941e-03 -1.000 1.352e-02 3.246 3.115 3.362 2.712
0.0152 0.01508 9.47712 1.3006699085 2.5195267200    1.300  0.611  3.8016  4.100    1  0.000  0.533     0.00     0.00     0.00     0.00     0.00 -1 -2.29e-13      0.00 7.535e-01 2.330e-01 2.377e-03 6.492e-04 5.941e-03 -1.000 1.352e-02 3.243 3.112 3.359 2.709
0.0152 0.01508 9.47712 1.3279876709 2.5225768089    1.328  0.658  3.7991  4.052    1  0.000  0.533     0.00     0.00     0.00     0.00     0.00 -1 -2.48e-13      0.00 7.523e-01 2.341e-01 2.386e-03 6.496e-04 5.973e-03 -1.000 1.355e-02 3.126 2.994 3.246 2.585
0.0152 0.01508 9.47712 1.3500001431 2.5249314308    1.350  0.694  3.7965  4.012    1  0.000  0.532     0.00     0.00     0.00     0.00     0.00 -1 -2.64e-13      0.00 7.514e-01 2.351e-01 2.394e-03 6.505e-04 5.999e-03 -1.000 1.358e-02 3.034 2.902 3.159 2.487
0.0152 0.01508 9.47712 1.3681583405 2.5268085003    1.368  0.726  3.7939  3.976    1  0.000  0.533     0.00     0.00     0.00     0.00     0.00 -1 -2.78e-13      0.00 7.510e-01 2.354e-01 2.397e-03 6.512e-04 6.001e-03 -1.000 1.359e-02 2.956 2.824 3.086 2.403
0.0152 0.01508 9.47712 1.3962732553 2.5296041965    1.396  0.774  3.7892  3.917    1  0.000  0.533     0.00     0.00     0.00     0.00     0.00 -1 -3.02e-13      0.00 7.502e-01 2.361e-01 2.403e-03 6.527e-04 6.007e-03 -1.000 1.366e-02 2.835 2.702 2.973 2.270
0.0152 0.01508 9.47712 1.4000000954 2.5299651623    1.400  0.781  3.7885  3.909    1  0.000  0.534     0.00     0.00     0.00     0.00     0.00 -1 -3.05e-13      0.00 7.501e-01 2.362e-01 2.404e-03 6.529e-04 6.008e-03 -1.000 1.367e-02 2.818 2.686 2.958 2.252
0.0152 0.01508 9.47712 1.4089819193 2.5308260918    1.409  0.797  3.7868  3.889    1  0.000  0.534     0.00     0.00     0.00     0.00     0.00 -1 -3.13e-13      0.00 7.498e-01 2.365e-01 2.406e-03 6.540e-04 6.009e-03 -1.000 1.369e-02 2.778 2.646 2.922 2.208
0.0152 0.01508 9.47712 1.4248235226 2.5323138237    1.424  0.829  3.7845  3.852    1  0.000  0.534     0.00     0.00     0.00     0.00     0.00 -1  -3.3e-13      0.00 7.490e-01 2.373e-01 2.410e-03 6.563e-04 6.014e-03 -1.000 1.369e-02 2.697 2.565 2.845 2.122
0.0152 0.01508 9.47712 1.4332050085 2.5330858231    1.433  0.869  3.7875  3.827    1  0.000  0.535     0.00     0.00     0.00     0.00     0.00 -1 -3.59e-13      0.00 7.487e-01 2.377e-01 2.412e-03 6.573e-04 6.016e-03 -1.000 1.369e-02 2.597 2.464 2.737 2.028
0.0152 0.01508 9.47712 1.4384423494 2.5335628986    1.438  0.909  3.7919  3.806    1  0.000  0.535     0.00     0.00     0.00     0.00     0.00 -1 -3.95e-13      0.00 7.484e-01 2.379e-01 2.414e-03 6.579e-04 6.017e-03 -1.000 1.369e-02 2.497 2.362 2.627 1.938
0.0152 0.01508 9.47712 1.4398778677 2.5336928368    1.440  0.945  3.7971  3.791    1  0.000  0.535     0.00     0.00     0.00     0.00     0.00 -1 -4.34e-13      0.00 7.483e-01 2.380e-01 2.414e-03 6.582e-04 6.018e-03 -1.000 1.369e-02 2.406 2.271 2.525 1.860
0.0152 0.01508 9.47712 1.4404816628 2.5337474346    1.440  0.982  3.8019  3.774    1  0.000  0.535     0.00     0.00     0.00     0.00     0.00 -1 -4.81e-13      0.00 7.483e-01 2.380e-01 2.414e-03 6.583e-04 6.018e-03 -1.000 1.369e-02 2.314 2.178 2.422 1.779
0.0152 0.01508 9.47712 1.4407371283 2.5337705612    1.440  1.005  3.8046  3.762    1  0.000  0.535     0.00     0.00     0.00     0.00     0.00 -1 -5.13e-13      0.00 7.483e-01 2.380e-01 2.415e-03 6.583e-04 6.018e-03 -1.000 1.369e-02 2.258 2.122 2.360 1.730
0.0152 0.01508 9.47712 1.4408490658 2.5337808132    1.440  0.987  3.8027  3.772    2  0.000  0.535     0.00     0.00     0.00     0.00     0.00 -1  -4.9e-13      0.00 7.483e-01 2.380e-01 2.415e-03 6.583e-04 6.018e-03 -1.000 1.369e-02 2.303 2.167 2.409 1.770
0.0152 0.01508 9.47712 1.4413135052 2.5338227749    1.441  0.967  3.7924  3.751    2  0.000  0.535     0.00     0.00     0.00     0.00     0.00 -1 -4.77e-13      0.00 7.482e-01 2.381e-01 2.415e-03 6.584e-04 6.018e-03 -1.000 1.369e-02 2.352 2.217 2.481 1.795
0.0152 0.01508 9.47712 1.4439235926 2.5340578556    1.444  0.967  3.7719  3.670    2  0.000  0.536     0.00     0.00     0.00     0.00     0.00 -1 -5.18e-13      0.00 7.413e-01 2.448e-01 2.465e-03 6.718e-04 6.136e-03 -1.000 1.392e-02 2.352 2.225 2.531 1.753
0.0152 0.01508 9.47712 1.4466820955 2.5343053341    1.446  0.940  3.7584  3.644    2  0.000  0.537     0.00     0.00     0.00     0.00     0.00 -1 -4.98e-13      0.00 7.292e-01 2.564e-01 2.557e-03 6.965e-04 6.354e-03 -1.000 1.443e-02 2.421 2.304 2.640 1.800
0.0152 0.01508 9.47712 1.4482474327 2.5344452858    1.448  0.913  3.7494  3.636    2  0.000  0.537     0.00     0.00     0.00     0.00     0.00 -1  -4.7e-13      0.00 7.240e-01 2.613e-01 2.597e-03 7.073e-04 6.450e-03 -1.000 1.465e-02 2.489 2.381 2.736 1.857
0.0152 0.01508 9.47712 1.4492826462 2.5345377922    1.449  0.890  3.7426  3.632    2  0.000  0.537     0.00     0.00     0.00     0.00     0.00 -1 -4.46e-13      0.00 7.212e-01 2.641e-01 2.619e-03 7.133e-04 6.502e-03 -1.000 1.476e-02 2.546 2.447 2.817 1.908
0.0152 0.01508 9.47712 1.4500000477 2.5346016884    1.450  0.873  3.7375  3.628    2  0.000  0.537     0.00     0.00     0.00     0.00     0.00 -1  -4.3e-13      0.00 7.196e-01 2.656e-01 2.632e-03 7.166e-04 6.531e-03 -1.000 1.482e-02 2.588 2.496 2.877 1.946
0.0152 0.01508 9.47712 1.4505515099 2.5346508026    1.450  0.856  3.7322  3.624    2  0.000  0.537     0.00     0.00     0.00     0.00     0.00 -1 -4.14e-13      0.00 7.180e-01 2.671e-01 2.644e-03 7.198e-04 6.559e-03 -1.000 1.488e-02 2.630 2.547 2.939 1.986
0.0152 0.01508 9.47712 1.4517428875 2.5347566605    1.451  0.838  3.7212  3.598    2  0.000  0.537     0.00     0.00     0.00     0.00     0.00 -1 -4.06e-13      0.00 7.152e-01 2.698e-01 2.660e-03 7.246e-04 6.600e-03 -1.000 1.500e-02 2.674 2.611 3.026 2.026
0.0152 0.01508 9.47712 1.4532482624 2.5348901749    1.453  0.865  3.7104  3.529    2  0.000  0.531     0.00     0.00     0.00     0.00     0.00 -1 -4.61e-13      0.00 7.114e-01 2.735e-01 2.645e-03 7.402e-04 6.636e-03 -1.000 1.509e-02 2.608 2.568 3.008 1.961
0.0152 0.01508 9.47712 1.4535789490 2.5349195004    1.453  0.876  3.7084  3.510    2  0.000  0.528     0.00     0.00     0.00     0.00     0.00 -1 -4.82e-13      0.00 7.105e-01 2.744e-01 2.629e-03 7.491e-04 6.642e-03 -1.000 1.513e-02 2.579 2.544 2.988 1.932
0.0152 0.01508 9.47712 1.4540038109 2.5349571705    1.454  0.897  3.7065  3.481    3  0.000  0.506     0.00     0.00     0.00     0.00     0.00 -1 -5.22e-13      0.00 7.088e-01 2.760e-01 2.523e-03 8.603e-04 6.649e-03 -1.000 1.515e-02 2.527 2.497 2.946 1.881
0.0152 0.01508 9.47712 1.4548469782 2.5350317955    1.454  0.942  3.7031  3.423    3  0.000  0.461     0.00     0.00     0.00     0.00     0.00 -1 -6.15e-13      0.00 7.052e-01 2.796e-01 2.300e-03 1.123e-03 6.660e-03 -1.000 1.521e-02 2.415 2.393 2.849 1.769
0.0152 0.01508 9.47712 1.4556818008 2.5351054668    1.455  0.991  3.7003  3.363    3  0.000  0.426     0.00     0.00     0.00     0.00     0.00 -1 -7.34e-13      0.00 7.016e-01 2.832e-01 2.127e-03 1.338e-03 6.668e-03 -1.000 1.526e-02 2.292 2.277 2.740 1.647
0.0152 0.01508 9.47712 1.4563713074 2.5351662636    1.456  1.034  3.6982  3.312    3  0.000  0.408     0.00     0.00     0.00     0.00     0.00 -1 -8.55e-13      0.00 6.989e-01 2.858e-01 2.039e-03 1.449e-03 6.674e-03 -1.000 1.527e-02 2.186 2.176 2.645 1.541
0.0152 0.01508 9.47712 1.4570549726 2.5352265835    1.457  1.077  3.6962  3.261    3  0.000  0.396     0.00     0.00     0.00     0.00     0.00 -1 -9.98e-13      0.00 6.967e-01 2.880e-01 1.984e-03 1.520e-03 6.679e-03 -1.000 1.528e-02 2.078 2.074 2.549 1.435
0.0152 0.01508 9.47712 1.4577331543 2.5352861881    1.457  1.120  3.6942  3.211    3  0.000  0.389     0.00     0.00     0.00     0.00     0.00 -1 -1.17e-12      0.00 6.949e-01 2.898e-01 1.948e-03 1.568e-03 6.684e-03 -1.000 1.531e-02 1.971 1.972 2.451 1.328
0.0152 0.01508 9.47712 1.4585397243 2.5353572369    1.458  1.171  3.6918  3.150    3  0.000  0.383     0.00     0.00     0.00     0.00     0.00 -1  -1.4e-12      0.00 6.933e-01 2.913e-01 1.922e-03 1.606e-03 6.691e-03 -1.000 1.536e-02 1.843 1.850 2.336 1.201
0.0152 0.01508 9.47712 1.4592150450 2.5354163647    1.459  1.214  3.6898  3.099    3  0.000  0.380     0.00     0.00     0.00     0.00     0.00 -1 -1.64e-12      0.00 6.922e-01 2.924e-01 1.907e-03 1.629e-03 6.697e-03 -1.000 1.537e-02 1.734 1.748 2.238 1.094
0.0152 0.01508 9.47712 1.4599056244 2.5354769230    1.459  1.259  3.6877  3.046    3  0.000  0.377     0.00     0.00     0.00     0.00     0.00 -1 -1.92e-12      0.00 6.914e-01 2.933e-01 1.896e-03 1.646e-03 6.701e-03 -1.000 1.537e-02 1.622 1.642 2.138 0.983
0.0152 0.01508 9.47712 1.4605149031 2.5355303288    1.460  1.300  3.6857  2.997    3  0.000  0.376     0.00     0.00     0.00     0.00     0.00 -1 -2.23e-12      0.00 6.907e-01 2.939e-01 1.889e-03 1.659e-03 6.702e-03 -1.000 1.537e-02 1.520 1.547 2.049 0.884
0.0152 0.01508 9.47712 1.4612654448 2.5355961323    1.461  1.349  3.6832  2.938    3  0.000  0.375     0.00     0.00     0.00     0.00     0.00 -1 -2.66e-12      0.00 6.901e-01 2.945e-01 1.883e-03 1.670e-03 6.699e-03 -1.000 1.538e-02 1.397 1.431 1.939 0.762
0.0152 0.01508 9.47712 1.4618991613 2.5356514454    1.461  1.390  3.6811  2.889    3  0.000  0.374     0.00     0.00     0.00     0.00     0.00 -1 -3.09e-12      0.00 6.898e-01 2.948e-01 1.880e-03 1.677e-03 6.697e-03 -1.000 1.539e-02 1.294 1.335 1.848 0.661
0.0152 0.01508 9.47712 1.4625936747 2.5357122421    1.462  1.436  3.6787  2.834    3  0.000  0.374     0.00     0.00     0.00     0.00     0.00 -1 -3.64e-12      0.00 6.895e-01 2.951e-01 1.879e-03 1.681e-03 6.695e-03 -1.000 1.541e-02 1.180 1.228 1.749 0.550
0.0152 0.01508 9.47712 1.4631917477 2.5357644558    1.463  1.475  3.6765  2.786    3  0.000  0.374     0.00     0.00     0.00     0.00     0.00 -1  -4.2e-12      0.00 6.894e-01 2.952e-01 1.877e-03 1.683e-03 6.694e-03 -1.000 1.539e-02 1.081 1.138 1.664 0.454
0.0152 0.01508 9.47712 1.4637669325 2.5358145237    1.463  1.513  3.6745  2.740    3  0.000  0.374     0.00     0.00     0.00     0.00     0.00 -1 -4.82e-12      0.00 6.894e-01 2.953e-01 1.877e-03 1.684e-03 6.693e-03 -1.000 1.539e-02 0.987 1.050 1.582 0.362
0.0152 0.01508 9.47712 1.4643559456 2.5358657837    1.464  1.551  3.6723  2.693    3  0.000  0.374     0.00     0.00     0.00     0.00     0.00 -1 -5.53e-12      0.00 6.893e-01 2.953e-01 1.876e-03 1.685e-03 6.692e-03 -1.000 1.539e-02 0.892 0.963 1.500 0.270
0.0152 0.01508 9.47712 1.4649025202 2.5359134674    1.464  1.585  3.6704  2.652    3  0.000  0.374     0.00     0.00     0.00     0.00     0.00 -1 -6.25e-12      0.00 6.893e-01 2.953e-01 1.876e-03 1.686e-03 6.692e-03 -1.000 1.539e-02 0.807 0.885 1.428 0.187
0.0152 0.01508 9.47712 1.4655710459 2.5359716415    1.465  1.623  3.6682  2.605    3  0.000  0.374     0.00     0.00     0.00     0.00     0.00 -1 -7.18e-12      0.00 6.893e-01 2.953e-01 1.876e-03 1.687e-03 6.692e-03 -1.000 1.539e-02 0.712 0.798 1.347 0.096
0.0152 0.01508 9.47712 1.4667543173 2.5360741615    1.466  1.671  3.6654  2.546    3  0.000  0.374     0.00     0.00     0.00     0.00     0.00 -1 -8.58e-12      0.00 6.893e-01 2.953e-01 1.875e-03 1.688e-03 6.691e-03 -1.000 1.539e-02 0.591 0.687 1.244 -0.021
0.0152 0.01508 9.47712 1.4671784639 2.5361111164    1.467  1.658  3.6664  2.564    3  0.000  0.374     0.00     0.00     0.00     0.00     0.00 -1 -8.21e-12      0.00 6.893e-01 2.953e-01 1.875e-03 1.689e-03 6.691e-03 -1.000 1.539e-02 0.625 0.717 1.271 0.011
0.0152 0.01508 9.47712 1.4675209522 2.5361406803    1.467  1.635  3.6679  2.593    3  0.000  0.373     0.00     0.00     0.00     0.00     0.00 -1 -7.55e-12      0.00 6.893e-01 2.953e-01 1.875e-03 1.689e-03 6.691e-03 -1.000 1.539e-02 0.683 0.770 1.319 0.067
0.0152 0.01508 9.47712 1.4677438736 2.5361599922    1.467  1.611  3.6695  2.623    3  0.000  0.373     0.00     0.00     0.00     0.00     0.00 -1 -6.91e-12      0.00 6.893e-01 2.953e-01 1.875e-03 1.689e-03 6.691e-03 -1.000 1.539e-02 0.742 0.823 1.368 0.123
0.0152 0.01508 9.47712 1.4679299593 2.5361762047    1.467  1.587  3.6711  2.654    3  0.000  0.373     0.00     0.00     0.00     0.00     0.00 -1  -6.3e-12      0.00 6.893e-01 2.953e-01 1.875e-03 1.690e-03 6.691e-03 -1.000 1.539e-02 0.803 0.878 1.419 0.183
0.0152 0.01508 9.47712 1.4681354761 2.5361938477    1.467  1.557  3.6730  2.692    3  0.000  0.373     0.00     0.00     0.00     0.00     0.00 -1 -5.63e-12      0.00 6.893e-01 2.953e-01 1.874e-03 1.690e-03 6.691e-03 -1.000 1.539e-02 0.878 0.947 1.482 0.255
0.0152 0.01508 9.47712 1.4683623314 2.5362136364    1.468  1.525  3.6750  2.732    3  0.000  0.373     0.00     0.00     0.00     0.00     0.00 -1 -4.99e-12      0.00 6.893e-01 2.953e-01 1.874e-03 1.690e-03 6.691e-03 -1.000 1.539e-02 0.958 1.020 1.550 0.333
0.0152 0.01508 9.47712 1.4685672522 2.5362312794    1.468  1.501  3.6765  2.762    3  0.000  0.373     0.00     0.00     0.00     0.00     0.00 -1 -4.54e-12      0.00 6.893e-01 2.953e-01 1.874e-03 1.690e-03 6.691e-03 -1.000 1.539e-02 1.018 1.074 1.600 0.391
0.0152 0.01508 9.47712 1.4686895609 2.5362417698    1.468  1.511  3.6760  2.750    3  0.000  0.373     0.00     0.00     0.00     0.00     0.00 -1 -4.68e-12      0.00 6.893e-01 2.953e-01 1.874e-03 1.690e-03 6.690e-03 -1.000 1.539e-02 0.993 1.052 1.579 0.367
0.0152 0.01508 9.47712 1.4693788290 2.5363013744    1.469  1.563  3.6729  2.685    3  0.000  0.373     0.00     0.00     0.00     0.00     0.00 -1 -5.62e-12      0.00 6.892e-01 2.954e-01 1.874e-03 1.691e-03 6.690e-03 -1.000 1.539e-02 0.861 0.930 1.466 0.239
0.0152 0.01508 9.47712 1.4701060057 2.5363643169    1.469  1.615  3.6699  2.622    3  0.000  0.373     0.00     0.00     0.00     0.00     0.00 -1 -6.77e-12      0.00 6.892e-01 2.954e-01 1.873e-03 1.692e-03 6.690e-03 -1.000 1.539e-02 0.733 0.813 1.356 0.114
0.0152 0.01508 9.47712 1.4707969427 2.5364239216    1.470  1.664  3.6669  2.561    3  0.000  0.373     0.00     0.00     0.00     0.00     0.00 -1  -8.1e-12      0.00 6.892e-01 2.954e-01 1.873e-03 1.693e-03 6.690e-03 -1.000 1.539e-02 0.610 0.701 1.253 -0.004
0.0152 0.01508 9.47712 1.4714684486 2.5364816189    1.471  1.713  3.6639  2.500    3  0.000  0.373     0.00     0.00     0.00     0.00     0.00 -1 -9.72e-12      0.00 6.892e-01 2.954e-01 1.873e-03 1.694e-03 6.689e-03 -1.000 1.540e-02 0.486 0.588 1.149 -0.124
0.0152 0.01508 9.47712 1.4720776081 2.5365340710    1.471  1.761  3.6610  2.441    3  0.000  0.373     0.00     0.00     0.00     0.00     0.00 -1 -1.16e-11      0.00 6.892e-01 2.954e-01 1.872e-03 1.695e-03 6.689e-03 -1.000 1.540e-02 0.368 0.481 1.052 -0.238
0.0152 0.01508 9.47712 1.4726456404 2.5365829468    1.472  1.807  3.6581  2.383    3  0.000  0.373     0.00     0.00     0.00     0.00     0.00 -1 -1.37e-11      0.00 6.892e-01 2.954e-01 1.872e-03 1.695e-03 6.689e-03 -1.000 1.540e-02 0.252 0.376 0.957 -0.351
0.0152 0.01508 9.47712 1.4731738567 2.5366282463    1.472  1.853  3.6552  2.326    3  0.000  0.373     0.00     0.00     0.00     0.00     0.00 -1 -1.63e-11      0.00 6.892e-01 2.954e-01 1.872e-03 1.696e-03 6.688e-03 -1.000 1.540e-02 0.137 0.274 0.865 -0.461
0.0152 0.01508 9.47712 1.4736720324 2.5366711617    1.473  1.899  3.6522  2.268    3  0.000  0.373     0.00     0.00     0.00     0.00     0.00 -1 -1.93e-11      0.00 6.892e-01 2.954e-01 1.872e-03 1.696e-03 6.688e-03 -1.000 1.540e-02 0.023 0.172 0.773 -0.571
0.0152 0.01508 9.47712 1.4741232395 2.5367097855    1.473  1.943  3.6493  2.212    3  0.000  0.373     0.00     0.00     0.00     0.00     0.00 -1 -2.27e-11      0.00 6.892e-01 2.954e-01 1.871e-03 1.697e-03 6.688e-03 -1.000 1.540e-02 -0.088 0.073 0.685 -0.677
0.0152 0.01508 9.47712 1.4745529890 2.5367465019    1.473  1.989  3.6463  2.155    3  0.000  0.373     0.00     0.00     0.00     0.00     0.00 -1 -2.69e-11      0.00 6.891e-01 2.955e-01 1.871e-03 1.698e-03 6.688e-03 -1.000 1.540e-02 -0.202 -0.027 0.597 -0.785
0.0152 0.01508 9.47712 1.4749341011 2.5367791653    1.474  2.032  3.6433  2.100    3  0.000  0.373     0.00     0.00     0.00     0.00     0.00 -1 -3.16e-11      0.00 6.891e-01 2.955e-01 1.871e-03 1.698e-03 6.688e-03 -1.000 1.540e-02 -0.310 -0.121 0.514 -0.887
0.0152 0.01508 9.47712 1.4752963781 2.5368101597    1.474  2.076  3.6402  2.043    3  0.000  0.373     0.00     0.00     0.00     0.00     0.00 -1 -3.73e-11      0.00 6.891e-01 2.955e-01 1.871e-03 1.698e-03 6.687e-03 -1.000 1.540e-02 -0.421 -0.218 0.428 -0.992
0.0152 0.01508 9.47712 1.4756237268 2.5368382931    1.474  2.119  3.6372  1.988    3  0.000  0.373     0.00     0.00     0.00     0.00     0.00 -1 -4.39e-11      0.00 6.891e-01 2.955e-01 1.871e-03 1.699e-03 6.687e-03 -1.000 1.540e-02 -0.528 -0.310 0.348 -1.092
0.0152 0.01508 9.47712 1.4759232998 2.5368638039    1.475  2.162  3.6343  1.934    3  0.000  0.373     0.00     0.00     0.00     0.00     0.00 -1 -5.14e-11      0.00 6.891e-01 2.955e-01 1.870e-03 1.699e-03 6.687e-03 -1.000 1.540e-02 -0.634 -0.400 0.268 -1.190
0.0152 0.01508 9.47712 1.4762058258 2.5368881226    1.475  2.205  3.6312  1.879    3  0.000  0.373     0.00     0.00     0.00     0.00     0.00 -1 -6.04e-11      0.00 6.891e-01 2.955e-01 1.870e-03 1.700e-03 6.687e-03 -1.000 1.540e-02 -0.742 -0.492 0.187 -1.289
0.0152 0.01508 9.47712 1.4764604568 2.5369098186    1.475  2.246  3.6282  1.825    3  0.000  0.373     0.00     0.00     0.00     0.00     0.00 -1 -7.06e-11      0.00 6.891e-01 2.955e-01 1.870e-03 1.700e-03 6.687e-03 -1.000 1.540e-02 -0.846 -0.579 0.110 -1.383
0.0152 0.01508 9.47712 1.4767045975 2.5369305611    1.475  2.289  3.6251  1.770    3  0.000  0.373     0.00     0.00     0.00     0.00     0.00 -1 -8.31e-11      0.00 6.891e-01 2.955e-01 1.870e-03 1.700e-03 6.687e-03 -1.000 1.540e-02 -0.953 -0.669 0.030 -1.481
0.0152 0.01508 9.47712 1.4769208431 2.5369491577    1.475  2.330  3.6221  1.717    3  0.000  0.373     0.00     0.00     0.00     0.00     0.00 -1  -9.7e-11      0.00 6.891e-01 2.955e-01 1.870e-03 1.700e-03 6.687e-03 -1.000 1.540e-02 -1.056 -0.755 -0.045 -1.573
0.0152 0.01508 9.47712 1.4771250486 2.5369665623    1.475  2.372  3.6190  1.663    3  0.000  0.373     0.00     0.00     0.00     0.00     0.00 -1 -1.13e-10      0.00 6.891e-01 2.955e-01 1.870e-03 1.701e-03 6.687e-03 -1.000 1.540e-02 -1.159 -0.841 -0.122 -1.666
0.0152 0.01508 9.47712 1.4773144722 2.5369827747    1.475  2.413  3.6159  1.609    3  0.000  0.373     0.00     0.00     0.00     0.00     0.00 -1 -1.33e-10      0.00 6.891e-01 2.955e-01 1.870e-03 1.701e-03 6.687e-03 -1.000 1.540e-02 -1.263 -0.925 -0.196 -1.757
0.0152 0.01508 9.47712 1.4774891138 2.5369975567    1.475  2.454  3.6128  1.556    3  0.000  0.373     0.00     0.00     0.00     0.00     0.00 -1 -1.55e-10      0.00 6.891e-01 2.955e-01 1.870e-03 1.701e-03 6.686e-03 -1.000 1.540e-02 -1.365 -1.008 -0.269 -1.847
0.0152 0.01508 9.47712 1.4776499271 2.5370113850    1.475  2.494  3.6097  1.503    3  0.000  0.373     0.00     0.00     0.00     0.00     0.00 -1 -1.81e-10      0.00 6.891e-01 2.955e-01 1.870e-03 1.701e-03 6.686e-03 -1.000 1.540e-02 -1.466 -1.090 -0.341 -1.936
0.0152 0.01508 9.47712 1.4777963161 2.5370237827    1.475  2.533  3.6066  1.452    3  0.000  0.373     0.00     0.00     0.00     0.00     0.00 -1  -2.1e-10      0.00 6.891e-01 2.955e-01 1.869e-03 1.701e-03 6.686e-03 -1.000 1.540e-02 -1.564 -1.167 -0.403 -2.022
0.0152 0.01508 9.47712 1.4779335260 2.5370354652    1.475  2.573  3.6035  1.400    3  0.000  0.373     0.00     0.00     0.00     0.00     0.00 -1 -2.44e-10      0.00 6.891e-01 2.955e-01 1.869e-03 1.702e-03 6.686e-03 -1.000 1.540e-02 -1.662 -1.243 -0.464 -2.109
0.0152 0.01508 9.47712 1.4780625105 2.5370464325    1.475  2.612  3.6004  1.348    3  0.000  0.373     0.00     0.00     0.00     0.00     0.00 -1 -2.84e-10      0.00 6.891e-01 2.955e-01 1.869e-03 1.702e-03 6.686e-03 -1.000 1.540e-02 -1.761 -1.320 -0.525 -2.196
0.0152 0.01508 9.47712 1.4781782627 2.5370564461    1.475  2.650  3.5973  1.298    3  0.000  0.373     0.00     0.00     0.00     0.00     0.00 -1 -3.28e-10      0.00 6.891e-01 2.955e-01 1.869e-03 1.702e-03 6.686e-03 -1.000 1.540e-02 -1.855 -1.390 -0.576 -2.276
0.0152 0.01508 9.47712 1.4782876968 2.5370657444    1.475  2.688  3.5942  1.248    3  0.000  0.373     0.00     0.00     0.00     0.00     0.00 -1  -3.8e-10      0.00 6.891e-01 2.955e-01 1.869e-03 1.702e-03 6.686e-03 -1.000 1.540e-02 -1.949 -1.459 -0.627 -2.357
0.0152 0.01508 9.47712 1.4783902168 2.5370743275    1.475  2.725  3.5911  1.198    3  0.000  0.373     0.00     0.00     0.00     0.00     0.00 -1 -4.39e-10      0.00 6.891e-01 2.955e-01 1.869e-03 1.702e-03 6.686e-03 -1.000 1.540e-02 -2.044 -1.528 -0.678 -2.438
0.0152 0.01508 9.47712 1.4784828424 2.5370821953    1.475  2.761  3.5880  1.149    3  0.000  0.373     0.00     0.00     0.00     0.00     0.00 -1 -5.05e-10      0.00 6.891e-01 2.955e-01 1.869e-03 1.702e-03 6.686e-03 -1.000 1.540e-02 -2.134 -1.591 -0.719 -2.512
0.0152 0.01508 9.47712 1.4785717726 2.5370898247    1.474  2.798  3.5848  1.100    3  0.000  0.373     0.00     0.00     0.00     0.00     0.00 -1 -5.82e-10      0.00 6.891e-01 2.955e-01 1.869e-03 1.702e-03 6.686e-03 -1.000 1.540e-02 -2.225 -1.653 -0.759 -2.587
0.0152 0.01508 9.47712 1.4786549807 2.5370969772    1.474  2.835  3.5817  1.051    3  0.000  0.373     0.00     0.00     0.00     0.00     0.00 -1 -6.71e-10      0.00 6.891e-01 2.955e-01 1.869e-03 1.702e-03 6.686e-03 -1.000 1.540e-02 -2.317 -1.715 -0.798 -2.662
0.0152 0.01508 9.47712 1.4787491560 2.5371050835    1.474  2.878  3.5777  0.991    3  0.000  0.373     0.00     0.00     0.00     0.00     0.00 -1 -7.95e-10      0.00 6.891e-01 2.955e-01 1.869e-03 1.703e-03 6.686e-03 -1.000 1.540e-02 -2.426 -1.783 -0.832 -2.748
0.0152 0.01508 9.47712 1.4788351059 2.5371122360    1.473  2.921  3.5736  0.932    3  0.000  0.373     0.00     0.00     0.00     0.00     0.00 -1  -9.4e-10      0.00 6.891e-01 2.955e-01 1.869e-03 1.703e-03 6.686e-03 -1.000 1.540e-02 -2.533 -1.844 -0.852 -2.829
0.0152 0.01508 9.47712 1.4789141417 2.5371189117    1.473  2.963  3.5697  0.874    3  0.000  0.373     0.00     0.00     0.00     0.00     0.00 -1 -1.11e-09      0.00 6.891e-01 2.955e-01 1.869e-03 1.703e-03 6.686e-03 -1.000 1.540e-02 -2.637 -1.902 -0.869 -2.908
0.0152 0.01508 9.47712 1.4789872169 2.5371253490    1.473  3.004  3.5657  0.817    3  0.000  0.373     0.00     0.00     0.00     0.00     0.00 -1  -1.3e-09      0.00 6.891e-01 2.955e-01 1.869e-03 1.703e-03 6.686e-03 -1.000 1.540e-02 -2.740 -1.950 -0.865 -2.979
0.0152 0.01508 9.47712 1.4790550470 2.5371310711    1.472  3.044  3.5618  0.761    3  0.000  0.373     0.00     0.00     0.00     0.00     0.00 -1 -1.53e-09      0.00 6.891e-01 2.955e-01 1.869e-03 1.703e-03 6.686e-03 -1.000 1.540e-02 -2.841 -1.997 -0.860 -3.049
0.0152 0.01508 9.47712 1.4791178703 2.5371363163    1.472  3.084  3.5578  0.705    3  0.000  0.373     0.00     0.00     0.00     0.00     0.00 -1 -1.79e-09      0.00 6.891e-01 2.955e-01 1.869e-03 1.703e-03 6.686e-03 -1.000 1.540e-02 -2.940 -2.037 -0.837 -3.113
0.0152 0.01508 9.47712 1.4791758060 2.5371413231    1.471  3.123  3.5538  0.650    3  0.000  0.373     0.00     0.00     0.00     0.00     0.00 -1 -2.09e-09      0.00 6.891e-01 2.955e-01 1.869e-03 1.703e-03 6.686e-03 -1.000 1.540e-02 -3.036 -2.070 -0.801 -3.172
0.0152 0.01508 9.47712 1.4792292118 2.5371458530    1.470  3.160  3.5498  0.597    3  0.000  0.373     0.00     0.00     0.00     0.00     0.00 -1 -2.43e-09      0.00 6.891e-01 2.955e-01 1.869e-03 1.703e-03 6.686e-03 -1.000 1.540e-02 -3.130 -2.099 -0.761 -3.227
0.0152 0.01508 9.47712 1.4792797565 2.5371501446    1.469  3.198  3.5458  0.543    3  0.000  0.373     0.00     0.00     0.00     0.00     0.00 -1 -2.83e-09      0.00 6.890e-01 2.955e-01 1.869e-03 1.703e-03 6.686e-03 -1.000 1.540e-02 -3.224 -2.118 -0.694 -3.273
0.0152 0.01508 9.47712 1.4793266058 2.5371541977    1.469  3.234  3.5418  0.490    3  0.000  0.373     0.00     0.00     0.00     0.00     0.00 -1 -3.29e-09      0.00 6.890e-01 2.955e-01 1.869e-03 1.703e-03 6.686e-03 -1.000 1.540e-02 -3.315 -2.134 -0.624 -3.316
0.0152 0.01508 9.47712 1.4793703556 2.5371577740    1.468  3.270  3.5377  0.438    3  0.000  0.373     0.00     0.00     0.00     0.00     0.00 -1  -3.8e-09      0.00 6.890e-01 2.955e-01 1.869e-03 1.703e-03 6.686e-03 -1.000 1.540e-02 -3.404 -2.140 -0.533 -3.350
0.0152 0.01508 9.47712 1.4794118404 2.5371613503    1.467  3.305  3.5337  0.387    3  0.000  0.373     0.00     0.00     0.00     0.00     0.00 -1 -4.39e-09      0.00 6.890e-01 2.955e-01 1.869e-03 1.703e-03 6.686e-03 -1.000 1.540e-02 -3.492 -2.140 -0.431 -3.377
0.0152 0.01508 9.47712 1.4794503450 2.5371646881    1.466  3.338  3.5299  0.338    3  0.000  0.373     0.00     0.00     0.00     0.00     0.00 -1 -5.04e-09      0.00 6.890e-01 2.955e-01 1.869e-03 1.703e-03 6.686e-03 -1.000 1.540e-02 -3.575 -2.139 -0.332 -3.402
0.0152 0.01508 9.47712 1.4794901609 2.5371680260    1.464  3.371  3.5260  0.289    3  0.000  0.373     0.00     0.00     0.00     0.00     0.00 -1 -5.79e-09      0.00 6.890e-01 2.955e-01 1.869e-03 1.703e-03 6.686e-03 -1.000 1.540e-02 -3.658 -2.120 -0.200 -3.407
0.0152 0.01508 9.47712 1.4794901609 2.5371680260    1.464  1.732  3.6770  2.531    4  0.000  0.375     0.00     0.00     0.00     0.00     0.00 -1    -1e-30      0.00 6.876e-01 2.970e-01 1.883e-03 1.681e-03 6.697e-03 -1.000 1.537e-02 0.439 0.494 1.017 -0.187
0.0152 0.01508 9.47712 1.4800015688 2.5372114182    1.465  1.747  3.6758  2.512    4  0.000  0.375     0.00     0.00     0.00     0.00     0.00 -1    -1e-30      0.00 6.876e-01 2.970e-01 1.883e-03 1.682e-03 6.697e-03 -1.000 1.537e-02 0.403 0.461 0.987 -0.222
0.0152 0.01508 9.47712 1.4805471897 2.5372579098    1.465  1.753  3.6755  2.505    4  0.000  0.375     0.00     0.00     0.00     0.00     0.00 -1    -1e-30      0.00 6.876e-01 2.970e-01 1.883e-03 1.682e-03 6.696e-03 -1.000 1.537e-02 0.388 0.448 0.975 -0.236
0.0152 0.01508 9.47712 1.4811006784 2.5373048782    1.466  1.752  3.6757  2.507    4  0.000  0.375     0.00     0.00     0.00     0.00     0.00 -1    -1e-30      0.00 6.876e-01 2.970e-01 1.882e-03 1.683e-03 6.696e-03 -1.000 1.537e-02 0.389 0.448 0.974 -0.236
0.0152 0.01508 9.47712 1.4816585779 2.5373520851    1.467  1.751  3.6761  2.509    4  0.000  0.375     0.00     0.00     0.00     0.00     0.00 -1    -1e-30      0.00 6.876e-01 2.970e-01 1.882e-03 1.684e-03 6.695e-03 -1.000 1.537e-02 0.392 0.450 0.975 -0.233
0.0152 0.01508 9.47712 1.4822279215 2.5374002457    1.467  1.750  3.6764  2.512    4  0.000  0.375     0.00     0.00     0.00     0.00     0.00 -1    -1e-30      0.00 6.876e-01 2.970e-01 1.882e-03 1.684e-03 6.695e-03 -1.000 1.537e-02 0.395 0.451 0.976 -0.231
0.0152 0.01508 9.47712 1.4827835560 2.5374474525    1.468  1.749  3.6767  2.515    4  0.000  0.375     0.00     0.00     0.00     0.00     0.00 -1    -1e-30      0.00 6.876e-01 2.970e-01 1.881e-03 1.685e-03 6.695e-03 -1.000 1.537e-02 0.397 0.453 0.976 -0.229
0.0152 0.01508 9.47712 1.4833605289 2.5374960899    1.469  1.748  3.6771  2.517    4  0.000  0.375     0.00     0.00     0.00     0.00     0.00 -1    -1e-30      0.00 6.876e-01 2.970e-01 1.881e-03 1.686e-03 6.694e-03 -1.000 1.537e-02 0.400 0.454 0.977 -0.227
0.0152 0.01508 9.47712 1.4839199781 2.5375432968    1.469  1.747  3.6774  2.519    4  0.000  0.374     0.00     0.00     0.00     0.00     0.00 -1    -1e-30      0.00 6.876e-01 2.970e-01 1.881e-03 1.686e-03 6.694e-03 -1.000 1.537e-02 0.402 0.455 0.977 -0.225
0.0152 0.01508 9.47712 1.4844592810 2.5375888348    1.470  1.747  3.6777  2.521    4  0.000  0.374     0.00     0.00     0.00     0.00     0.00 -1    -1e-30      0.00 6.876e-01 2.970e-01 1.880e-03 1.687e-03 6.693e-03 -1.000 1.537e-02 0.403 0.456 0.977 -0.224
0.0152 0.01508 9.47712 1.4849942923 2.5376341343    1.470  1.746  3.6779  2.523    4  0.000  0.374     0.00     0.00     0.00     0.00     0.00 -1    -1e-30      0.00 6.876e-01 2.970e-01 1.880e-03 1.688e-03 6.693e-03 -1.000 1.537e-02 0.404 0.456 0.976 -0.223
0.0152 0.01508 9.47712 1.4855232239 2.5376787186    1.471  1.746  3.6781  2.524    4  0.000  0.374     0.00     0.00     0.00     0.00     0.00 -1    -1e-30      0.00 6.876e-01 2.970e-01 1.880e-03 1.688e-03 6.693e-03 -1.000 1.537e-02 0.404 0.455 0.975 -0.223
0.0152 0.01508 9.47712 1.4860548973 2.5377233028    1.471  1.746  3.6783  2.525    4  0.000  0.374     0.00     0.00     0.00     0.00     0.00 -1    -1e-30      0.00 6.876e-01 2.970e-01 1.879e-03 1.689e-03 6.692e-03 -1.000 1.537e-02 0.405 0.454 0.973 -0.223
0.0152 0.01508 9.47712 1.4866302013 2.5377717018    1.472  1.746  3.6785  2.526    4  0.000  0.374     0.00     0.00     0.00     0.00     0.00 -1    -1e-30      0.00 6.876e-01 2.971e-01 1.879e-03 1.689e-03 6.692e-03 -1.000 1.537e-02 0.404 0.454 0.972 -0.224
0.0152 0.01508 9.47712 1.4871311188 2.5378139019    1.473  1.746  3.6787  2.526    4  0.000  0.374     0.00     0.00     0.00     0.00     0.00 -1    -1e-30      0.00 6.876e-01 2.971e-01 1.879e-03 1.690e-03 6.692e-03 -1.000 1.537e-02 0.404 0.452 0.970 -0.225
0.0152 0.01508 9.47712 1.4872018099 2.5378198624    1.473  1.747  3.6787  2.527    4  0.000  0.374     0.00     0.00     0.00     0.00     0.00 -1    -1e-30      0.00 6.876e-01 2.971e-01 1.879e-03 1.690e-03 6.692e-03 -1.000 1.537e-02 0.404 0.452 0.970 -0.225
0.0152 0.01508 9.47712 1.4877651930 2.5378670692    1.473  1.747  3.6789  2.527    4  0.000  0.374     0.00     0.00     0.00     0.00     0.00 -1    -1e-30      0.00 6.876e-01 2.971e-01 1.878e-03 1.691e-03 6.691e-03 -1.000 1.537e-02 0.403 0.451 0.968 -0.226
0.0152 0.01508 9.47712 1.4883044958 2.5379123688    1.474  1.747  3.6790  2.527    4  0.000  0.374     0.00     0.00     0.00     0.00     0.00 -1    -1e-30      0.00 6.876e-01 2.971e-01 1.878e-03 1.691e-03 6.691e-03 -1.000 1.537e-02 0.402 0.449 0.966 -0.227
0.0152 0.01508 9.47712 1.4888617992 2.5379590988    1.475  1.748  3.6792  2.527    4  0.000  0.374     0.00     0.00     0.00     0.00     0.00 -1    -1e-30      0.00 6.876e-01 2.971e-01 1.878e-03 1.692e-03 6.690e-03 -1.000 1.537e-02 0.400 0.447 0.963 -0.229
0.0152 0.01508 9.47712 1.4894303083 2.5380067825    1.475  1.749  3.6792  2.527    4  0.000  0.374     0.00     0.00     0.00     0.00     0.00 -1    -1e-30      0.00 6.876e-01 2.971e-01 1.877e-03 1.693e-03 6.690e-03 -1.000 1.537e-02 0.397 0.444 0.960 -0.232
0.0152 0.01508 9.47712 1.4900022745 2.5380547047    1.476  1.750  3.6793  2.526    4  0.000  0.374     0.00     0.00     0.00     0.00     0.00 -1    -1e-30      0.00 6.876e-01 2.971e-01 1.877e-03 1.693e-03 6.690e-03 -1.000 1.537e-02 0.394 0.441 0.957 -0.235
0.0152 0.01508 9.47712 1.4905390739 2.5380995274    1.476  1.752  3.6793  2.525    4  0.000  0.374     0.00     0.00     0.00     0.00     0.00 -1    -1e-30      0.00 6.876e-01 2.971e-01 1.877e-03 1.694e-03 6.689e-03 -1.000 1.537e-02 0.391 0.437 0.953 -0.238
0.0152 0.01508 9.47712 1.4910694361 2.5381438732    1.477  1.753  3.6793  2.523    4  0.000  0.374     0.00     0.00     0.00     0.00     0.00 -1    -1e-30      0.00 6.876e-01 2.971e-01 1.876e-03 1.695e-03 6.689e-03 -1.000 1.537e-02 0.386 0.433 0.949 -0.242
0.0152 0.01508 9.47712 1.4911198616 2.5381479263    1.477  1.754  3.6793  2.523    4  0.000  0.374     0.00     0.00     0.00     0.00     0.00 -1    -1e-30      0.00 6.876e-01 2.971e-01 1.876e-03 1.695e-03 6.689e-03 -1.000 1.537e-02 0.386 0.433 0.949 -0.243
0.0152 0.01508 9.47712 1.4911711216 2.5381522179    1.477  1.754  3.6793  2.523    4  0.000  0.374     0.00     0.00     0.00     0.00     0.00 -1    -1e-30      0.00 6.876e-01 2.971e-01 1.876e-03 1.695e-03 6.689e-03 -1.000 1.537e-02 0.386 0.432 0.948 -0.243
0.0152 0.01508 9.47712 1.4916845560 2.5381951332    1.478  1.756  3.6792  2.521    4  0.000  0.374     0.00     0.00     0.00     0.00     0.00 -1    -1e-30      0.00 6.875e-01 2.971e-01 1.876e-03 1.695e-03 6.688e-03 -1.000 1.537e-02 0.381 0.427 0.944 -0.248
0.0152 0.01508 9.47712 1.4922375679 2.5382413864    1.478  1.758  3.6791  2.518    4  0.000  0.374     0.00     0.00     0.00     0.00     0.00 -1    -1e-30      0.00 6.875e-01 2.971e-01 1.876e-03 1.696e-03 6.688e-03 -1.000 1.537e-02 0.374 0.421 0.938 -0.254
0.0152 0.01508 9.47712 1.4927572012 2.5382845402    1.479  1.761  3.6789  2.515    4  0.000  0.374     0.00     0.00     0.00     0.00     0.00 -1    -1e-30      0.00 6.875e-01 2.971e-01 1.875e-03 1.696e-03 6.688e-03 -1.000 1.537e-02 0.367 0.415 0.932 -0.261
0.0152 0.01508 9.47712 1.4932842255 2.5383284092    1.479  1.765  3.6787  2.510    4  0.000  0.374     0.00     0.00     0.00     0.00     0.00 -1    -1e-30      0.00 6.875e-01 2.971e-01 1.875e-03 1.697e-03 6.687e-03 -1.000 1.537e-02 0.359 0.407 0.925 -0.270
0.0152 0.01508 9.47712 1.4938148260 2.5383725166    1.480  1.769  3.6784  2.505    4  0.000  0.374     0.00     0.00     0.00     0.00     0.00 -1    -1e-30      0.00 6.875e-01 2.971e-01 1.875e-03 1.698e-03 6.687e-03 -1.000 1.537e-02 0.348 0.398 0.917 -0.280
0.0152 0.01508 9.47712 1.4943478107 2.5384168625    1.481  1.773  3.6780  2.499    4  0.000  0.374     0.00     0.00     0.00     0.00     0.00 -1    -1e-30      0.00 6.875e-01 2.971e-01 1.874e-03 1.698e-03 6.687e-03 -1.000 1.537e-02 0.336 0.387 0.907 -0.291
0.0152 0.01508 9.47712 1.4948710203 2.5384604931    1.481  1.779  3.6776  2.492    4  0.000  0.374     0.00     0.00     0.00     0.00     0.00 -1    -1e-30      0.00 6.875e-01 2.971e-01 1.874e-03 1.699e-03 6.686e-03 -1.000 1.537e-02 0.323 0.375 0.896 -0.304
0.0152 0.01508 9.47712 1.4953964949 2.5385041237    1.482  1.784  3.6772  2.485    4  0.000  0.374     0.00     0.00     0.00     0.00     0.00 -1    -1e-30      0.00 6.875e-01 2.971e-01 1.874e-03 1.699e-03 6.686e-03 -1.000 1.537e-02 0.309 0.363 0.885 -0.318
0.0152 0.01508 9.47712 1.4959199429 2.5385475159    1.482  1.790  3.6767  2.478    4  0.000  0.373     0.00     0.00     0.00     0.00     0.00 -1    -1e-30      0.00 6.875e-01 2.971e-01 1.873e-03 1.700e-03 6.686e-03 -1.000 1.537e-02 0.296 0.351 0.875 -0.331
0.0152 0.01508 9.47712 1.4964568615 2.5385918617    1.483  1.799  3.6759  2.466    4  0.000  0.373     0.00     0.00     0.00     0.00     0.00 -1    -1e-30      0.00 6.875e-01 2.971e-01 1.873e-03 1.701e-03 6.685e-03 -1.000 1.537e-02 0.273 0.331 0.857 -0.353
0.0152 0.01508 9.47712 1.4969900846 2.5386359692    1.483  1.821  3.6739  2.436    4  0.000  0.373     0.00     0.00     0.00     0.00     0.00 -1    -1e-30      0.00 6.875e-01 2.971e-01 1.873e-03 1.701e-03 6.685e-03 -1.000 1.537e-02 0.218 0.283 0.815 -0.406
0.0152 0.01508 9.47712 1.4974942207 2.5386776924    1.484  1.861  3.6702  2.381    4  0.000  0.373     0.00     0.00     0.00     0.00     0.00 -1    -1e-30      0.00 6.875e-01 2.971e-01 1.872e-03 1.702e-03 6.684e-03 -1.000 1.537e-02 0.116 0.193 0.737 -0.504
0.0152 0.01508 9.47712 1.4977267981 2.5386970043    1.484  1.900  3.6668  2.328    4  0.000  0.373     0.00     0.00     0.00     0.00     0.00 -1    -1e-30      0.00 6.875e-01 2.971e-01 1.872e-03 1.702e-03 6.684e-03 -1.000 1.537e-02 0.019 0.109 0.663 -0.597
0.0152 0.01508 9.47712 1.4978469610 2.5387070179    1.484  1.940  3.6634  2.275    4  0.000  0.373     0.00     0.00     0.00     0.00     0.00 -1    -1e-30      0.00 6.875e-01 2.971e-01 1.872e-03 1.702e-03 6.684e-03 -1.000 1.537e-02 -0.081 0.022 0.588 -0.693
0.0152 0.01508 9.47712 1.4979068041 2.5387117863    1.484  1.979  3.6600  2.222    4  0.000  0.373     0.00     0.00     0.00     0.00     0.00 -1    -1e-30      0.00 6.875e-01 2.971e-01 1.872e-03 1.702e-03 6.684e-03 -1.000 1.537e-02 -0.178 -0.062 0.514 -0.786
0.0152 0.01508 9.47712 1.4979373217 2.5387144089    1.485  2.020  3.6566  2.168    4  0.000  0.373     0.00     0.00     0.00     0.00     0.00 -1    -1e-30      0.00 6.875e-01 2.971e-01 1.872e-03 1.702e-03 6.684e-03 -1.000 1.537e-02 -0.279 -0.149 0.439 -0.881
0.0152 0.01508 9.47712 1.4979532957 2.5387156010    1.485  2.057  3.6534  2.118    4  0.000  0.373     0.00     0.00     0.00     0.00     0.00 -1    -1e-30      0.00 6.875e-01 2.971e-01 1.872e-03 1.702e-03 6.684e-03 -1.000 1.537e-02 -0.374 -0.231 0.369 -0.971
0.0152 0.01508 9.47712 1.4979636669 2.5387165546    1.485  2.094  3.6504  2.070    4  0.000  0.373     0.00     0.00     0.00     0.00     0.00 -1    -1e-30      0.00 6.875e-01 2.971e-01 1.872e-03 1.702e-03 6.684e-03 -1.000 1.537e-02 -0.464 -0.308 0.302 -1.056
0.0152 0.01508 9.47712 1.4979646206 2.5387165546    1.485  2.097  3.6500  2.064    4  0.000  0.373     0.00     0.00     0.00     0.00     0.00 -1    -1e-30      0.00 6.875e-01 2.971e-01 1.872e-03 1.702e-03 6.684e-03 -1.000 1.537e-02 -0.473 -0.316 0.295 -1.065
0.0152 0.01508 9.47712 1.4979648590 2.5387165546    1.485  2.098  3.6500  2.064    7  0.000  0.373     0.00     0.00     0.00     0.00     0.00 -1    -1e-30      0.00 6.875e-01 2.971e-01 1.872e-03 1.702e-03 6.684e-03 -1.000 1.537e-02 -0.475 -0.318 0.293 -1.067
0.0152 0.01508 9.47712 1.4979720116 2.5387172699    1.485  2.131  3.6473  2.020    7  0.000  0.373     0.00     0.00     0.00     0.00     0.00 -1    -1e-30      0.00 6.875e-01 2.971e-01 1.872e-03 1.702e-03 6.684e-03 -1.000 1.537e-02 -0.558 -0.388 0.233 -1.145
0.0152 0.01508 9.47712 1.4979798794 2.5387179852    1.485  2.168  3.6442  1.970    7  0.000  0.373     0.00     0.00     0.00     0.00     0.00 -1    -1e-30      0.00 6.875e-01 2.971e-01 1.872e-03 1.702e-03 6.684e-03 -1.000 1.537e-02 -0.651 -0.467 0.165 -1.231
0.0152 0.01508 9.47712 1.4979881048 2.5387187004    1.485  2.190  3.6424  1.941    7  0.000  0.373     0.00     0.00     0.00     0.00     0.00 -1    -1e-30      0.00 6.875e-01 2.971e-01 1.872e-03 1.702e-03 6.684e-03 -1.000 1.537e-02 -0.706 -0.514 0.124 -1.282
0.0152 0.01508 9.47712 1.4980068207 2.5387201309    1.485  2.206  3.6412  1.921    7  0.000  0.373     0.00     0.00     0.00     0.00     0.00 -1    -1e-30      0.00 6.875e-01 2.971e-01 1.872e-03 1.702e-03 6.684e-03 -1.000 1.537e-02 -0.744 -0.546 0.095 -1.318
0.0152 0.01508 9.47712 1.4980223179 2.5387213230    1.485  2.192  3.6424  1.939    7  0.000  0.373     0.00     0.00     0.00     0.00     0.00 -1 -1.51e-30      0.00 6.875e-01 2.971e-01 1.872e-03 1.702e-03 6.684e-03 -1.000 1.538e-02 -0.710 -0.518 0.120 -1.286
0.0152 0.01508 9.47712 1.4980562925 2.5387241840    1.485  2.162  3.6449  1.980    7  0.000  0.373     0.00     0.00     0.00     0.00     0.00 -1 -6.17e-30      0.00 6.875e-01 2.971e-01 1.872e-03 1.703e-03 6.684e-03 -1.000 1.541e-02 -0.634 -0.453 0.177 -1.216
0.0152 0.01508 9.47712 1.4984261990 2.5387547016    1.485  2.154  3.6455  1.990    7  0.000  0.373     0.00     0.00     0.00     0.00     0.00 -1 -6.68e-17      0.00 6.875e-01 2.966e-01 1.872e-03 1.703e-03 6.684e-03 -1.000 1.590e-02 -0.614 -0.436 0.192 -1.197
0.0152 0.01508 9.47712 1.4987009764 2.5387773514    1.485  2.188  3.6427  1.945    7  0.000  0.373     0.00     0.00     0.00     0.00     0.00 -1 -2.57e-10      0.00 6.875e-01 2.965e-01 1.872e-03 1.703e-03 6.684e-03 -1.000 1.598e-02 -0.699 -0.508 0.129 -1.276
0.0152 0.01508 9.47712 1.4989144802 2.5387949944    1.485  2.229  3.6392  1.889    7  0.000  0.373     0.00     0.00     0.00     0.00     0.00 -1 -3.16e-10      0.00 6.875e-01 2.965e-01 1.871e-03 1.703e-03 6.683e-03 -1.000 1.598e-02 -0.803 -0.595 0.053 -1.371
0.0152 0.01508 9.47712 1.4990892410 2.5388095379    1.485  2.271  3.6358  1.833    7  0.000  0.373     0.00     0.00     0.00     0.00     0.00 -1 -3.89e-10      0.00 6.875e-01 2.965e-01 1.871e-03 1.704e-03 6.683e-03 -1.000 1.598e-02 -0.908 -0.683 -0.023 -1.467
0.0152 0.01508 9.47712 1.4992358685 2.5388216972    1.484  2.313  3.6323  1.778    7  0.000  0.373     0.00     0.00     0.00     0.00     0.00 -1  -4.8e-10      0.00 6.875e-01 2.965e-01 1.871e-03 1.704e-03 6.683e-03 -1.000 1.598e-02 -1.013 -0.769 -0.098 -1.561
0.0152 0.01508 9.47712 1.4993615150 2.5388319492    1.484  2.354  3.6289  1.723    7  0.000  0.373     0.00     0.00     0.00     0.00     0.00 -1  -5.9e-10      0.00 6.875e-01 2.965e-01 1.871e-03 1.704e-03 6.683e-03 -1.000 1.598e-02 -1.116 -0.854 -0.172 -1.654
0.0152 0.01508 9.47712 1.4994703531 2.5388410091    1.484  2.395  3.6255  1.668    7  0.000  0.373     0.00     0.00     0.00     0.00     0.00 -1 -7.24e-10      0.00 6.875e-01 2.965e-01 1.871e-03 1.704e-03 6.683e-03 -1.000 1.598e-02 -1.218 -0.938 -0.244 -1.745
0.0152 0.01508 9.47712 1.4995653629 2.5388488770    1.483  2.436  3.6222  1.614    7  0.000  0.373     0.00     0.00     0.00     0.00     0.00 -1 -8.84e-10      0.00 6.875e-01 2.965e-01 1.871e-03 1.704e-03 6.683e-03 -1.000 1.598e-02 -1.320 -1.021 -0.317 -1.836
0.0152 0.01508 9.47712 1.4996500015 2.5388557911    1.483  2.476  3.6188  1.560    7  0.000  0.373     0.00     0.00     0.00     0.00     0.00 -1 -1.07e-09      0.00 6.875e-01 2.965e-01 1.871e-03 1.704e-03 6.683e-03 -1.000 1.598e-02 -1.421 -1.102 -0.388 -1.925
0.0152 0.01508 9.47712 1.4997268915 2.5388619900    1.483  2.517  3.6154  1.506    7  0.000  0.373     0.00     0.00     0.00     0.00     0.00 -1 -1.31e-09      0.00 6.875e-01 2.965e-01 1.871e-03 1.704e-03 6.683e-03 -1.000 1.598e-02 -1.522 -1.182 -0.457 -2.012
0.0152 0.01508 9.47712 1.4997978210 2.5388679504    1.482  2.557  3.6120  1.452    7  0.000  0.373     0.00     0.00     0.00     0.00     0.00 -1 -1.59e-09      0.00 6.875e-01 2.965e-01 1.871e-03 1.704e-03 6.683e-03 -1.000 1.598e-02 -1.622 -1.261 -0.521 -2.101
0.0152 0.01508 9.47712 1.4998646975 2.5388734341    1.482  2.597  3.6070  1.391    7  0.000  0.373     0.00     0.00     0.00     0.00     0.00 -1 -1.93e-09      0.00 6.875e-01 2.965e-01 1.871e-03 1.705e-03 6.683e-03 -1.000 1.598e-02 -1.723 -1.328 -0.564 -2.183
0.0152 0.01508 9.47712 1.4999111891 2.5388772488    1.481  2.628  3.6029  1.344    7  0.000  0.373     0.00     0.00     0.00     0.00     0.00 -1 -2.24e-09      0.00 6.875e-01 2.965e-01 1.870e-03 1.705e-03 6.683e-03 -1.000 1.598e-02 -1.799 -1.375 -0.591 -2.244
0.0152 0.01508 9.47712 1.4999696016 2.5388820171    1.480  2.668  3.5990  1.288    7  0.000  0.373     0.00     0.00     0.00     0.00     0.00 -1 -2.72e-09      0.00 6.875e-01 2.965e-01 1.869e-03 1.706e-03 6.683e-03 -1.000 1.598e-02 -1.900 -1.448 -0.644 -2.330
0.0152 0.01508 9.47712 1.5000233650 2.5388865471    1.480  2.707  3.5956  1.236    7  0.000  0.372     0.00     0.00     0.00     0.00     0.00 -1 -3.26e-09      0.00 6.875e-01 2.965e-01 1.867e-03 1.708e-03 6.683e-03 -1.000 1.598e-02 -1.997 -1.518 -0.694 -2.412
0.0152 0.01508 9.47712 1.5000779629 2.5388910770    1.479  2.747  3.5920  1.181    7  0.000  0.372     0.00     0.00     0.00     0.00     0.00 -1 -3.94e-09      0.00 6.875e-01 2.965e-01 1.863e-03 1.712e-03 6.683e-03 -1.000 1.598e-02 -2.096 -1.589 -0.743 -2.495
0.0152 0.01508 9.47712 1.5001319647 2.5388953686    1.477  2.787  3.5884  1.126    7  0.000  0.371     0.00     0.00     0.00     0.00     0.00 -1 -4.78e-09      0.00 6.875e-01 2.965e-01 1.860e-03 1.716e-03 6.683e-03 -1.000 1.598e-02 -2.197 -1.658 -0.789 -2.578
0.0152 0.01508 9.47712 1.5001806021 2.5388994217    1.476  2.829  3.5845  1.068    7  0.000  0.370     0.00     0.00     0.00     0.00     0.00 -1 -5.81e-09      0.00 6.875e-01 2.965e-01 1.856e-03 1.720e-03 6.683e-03 -1.000 1.598e-02 -2.301 -1.726 -0.829 -2.662
0.0152 0.01508 9.47712 1.5002152920 2.5389022827    1.475  2.870  3.5806  1.012    7  0.000  0.370     0.00     0.00     0.00     0.00     0.00 -1 -7.03e-09      0.00 6.875e-01 2.965e-01 1.854e-03 1.724e-03 6.683e-03 -1.000 1.598e-02 -2.404 -1.793 -0.869 -2.745
0.0152 0.01508 9.47712 1.5002377033 2.5389041901    1.474  2.905  3.5772  0.962    7  0.000  0.369     0.00     0.00     0.00     0.00     0.00 -1 -8.28e-09      0.00 6.875e-01 2.965e-01 1.851e-03 1.726e-03 6.683e-03 -1.000 1.599e-02 -2.494 -1.844 -0.887 -2.813
0.0152 0.01508 9.47712 1.5002561808 2.5389056206    1.473  2.942  3.5735  0.910    7  0.000  0.369     0.00     0.00     0.00     0.00     0.00 -1 -9.76e-09      0.00 6.875e-01 2.965e-01 1.849e-03 1.729e-03 6.683e-03 -1.000 1.600e-02 -2.585 -1.894 -0.900 -2.880
0.0152 0.01508 9.47712 1.5002728701 2.5389070511    1.472  2.979  3.5697  0.857    7  0.000  0.369     0.00     0.00     0.00     0.00     0.00 -1 -1.16e-08      0.00 6.875e-01 2.965e-01 1.848e-03 1.731e-03 6.683e-03 -1.000 1.600e-02 -2.678 -1.943 -0.910 -2.949
0.0152 0.01508 9.47712 1.5002886057 2.5389082432    1.471  3.017  3.5657  0.803    7  0.000  0.368     0.00     0.00     0.00     0.00     0.00 -1 -1.37e-08      0.00 6.875e-01 2.965e-01 1.846e-03 1.733e-03 6.683e-03 -1.000 1.600e-02 -2.774 -1.984 -0.898 -3.013
0.0152 0.01508 9.47712 1.5003019571 2.5389094353    1.470  3.052  3.5620  0.754    7  0.000  0.368     0.00     0.00     0.00     0.00     0.00 -1  -1.6e-08      0.00 6.875e-01 2.965e-01 1.845e-03 1.734e-03 6.683e-03 -1.000 1.600e-02 -2.859 -2.019 -0.885 -3.070
0.0152 0.01508 9.47712 1.5003168583 2.5389106274    1.468  3.091  3.5577  0.697    7  0.000  0.368     0.00     0.00     0.00     0.00     0.00 -1 -1.91e-08      0.00 6.875e-01 2.965e-01 1.844e-03 1.735e-03 6.683e-03 -1.000 1.600e-02 -2.958 -2.053 -0.852 -3.131
0.0152 0.01508 9.47712 1.5003318787 2.5389118195    1.467  3.130  3.5533  0.639    7  0.000  0.368     0.00     0.00     0.00     0.00     0.00 -1 -2.26e-08      0.00 6.875e-01 2.965e-01 1.844e-03 1.736e-03 6.683e-03 -1.000 1.600e-02 -3.056 -2.081 -0.803 -3.186
0.0152 0.01508 9.47712 1.5003484488 2.5389132500    1.464  3.169  3.5487  0.581    7  0.000  0.368     0.00     0.00     0.00     0.00     0.00 -1  -2.7e-08      0.00 6.875e-01 2.965e-01 1.844e-03 1.736e-03 6.682e-03 -1.000 1.600e-02 -3.153 -2.103 -0.742 -3.237
0.0152 0.01508 9.47712 1.5003665686 2.5389146805    1.461  3.207  3.5442  0.525    7  0.000  0.368     0.00     0.00     0.00     0.00     0.00 -1  -3.2e-08      0.00 6.875e-01 2.965e-01 1.844e-03 1.736e-03 6.682e-03 -1.000 1.600e-02 -3.247 -2.113 -0.657 -3.278
0.0152 0.01508 9.47712 1.5003837347 2.5389161110    1.458  3.236  3.5408  0.481    7  0.000  0.368     0.00     0.00     0.00     0.00     0.00 -1 -3.63e-08      0.00 6.875e-01 2.965e-01 1.844e-03 1.736e-03 6.682e-03 -1.000 1.600e-02 -3.319 -2.119 -0.587 -3.307
0.0152 0.01508 9.47712 1.5003880262 2.5389165878    1.457  3.247  3.5394  0.464    7  0.000  0.368     0.00     0.00     0.00     0.00     0.00 -1 -3.82e-08      0.00 6.875e-01 2.965e-01 1.844e-03 1.736e-03 6.682e-03 -1.000 1.600e-02 -3.347 -2.119 -0.555 -3.317
0.0152 0.01508 9.47712 1.5003920794 2.5389168262    1.456  3.256  3.5382  0.450    7  0.000  0.368     0.00     0.00     0.00     0.00     0.00 -1 -3.98e-08      0.00 6.875e-01 2.965e-01 1.844e-03 1.736e-03 6.682e-03 -1.000 1.600e-02 -3.370 -2.116 -0.521 -3.322
0.0152 0.01508 9.47712 1.5003926754 2.5389168262    1.456  3.254  3.5384  0.452    7  0.000  0.368     0.00     0.00     0.00     0.00     0.00 -1 -3.96e-08      0.00 6.875e-01 2.965e-01 1.844e-03 1.736e-03 6.682e-03 -1.000 1.600e-02 -3.366 -2.116 -0.527 -3.321
0.0152 0.01508 9.47712 1.5003927946 2.5389168262    1.456  3.227  3.5416  0.492    7  0.000  0.368     0.00     0.00     0.00     0.00     0.00 -1 -3.53e-08      0.00 6.875e-01 2.965e-01 1.844e-03 1.736e-03 6.682e-03 -1.000 1.600e-02 -3.298 -2.113 -0.600 -3.296
0.0152 0.01508 9.47712 1.5003929138 2.5389168262    1.456  3.267  3.5369  0.434    7  0.000  0.368     0.00     0.00     0.00     0.00     0.00 -1 -4.17e-08      0.00 6.875e-01 2.965e-01 1.844e-03 1.736e-03 6.682e-03 -1.000 1.600e-02 -3.396 -2.113 -0.485 -3.329
0.0152 0.01508 9.47712 1.5003930330 2.5389170647    1.456  3.263  3.5373  0.439    7  0.000  0.368     0.00     0.00     0.00     0.00     0.00 -1 -4.11e-08      0.00 6.875e-01 2.965e-01 1.844e-03 1.736e-03 6.682e-03 -1.000 1.600e-02 -3.388 -2.114 -0.496 -3.327
0.0152 0.01508 9.47712 1.5003931522 2.5389170647    1.456  3.253  3.5385  0.454    7  0.000  0.368     0.00     0.00     0.00     0.00     0.00 -1 -3.94e-08      0.00 6.875e-01 2.965e-01 1.844e-03 1.736e-03 6.682e-03 -1.000 1.600e-02 -3.363 -2.116 -0.530 -3.320
0.0152 0.01508 9.47712 1.5003932714 2.5389170647    1.456  3.250  3.5390  0.459    7  0.000  0.368     0.00     0.00     0.00     0.00     0.00 -1 -3.89e-08      0.00 6.875e-01 2.965e-01 1.844e-03 1.736e-03 6.682e-03 -1.000 1.600e-02 -3.354 -2.117 -0.541 -3.318
0.0152 0.01508 9.47712 1.5003948212 2.5389170647    1.456  3.266  3.5369  0.435    7  0.000  0.368     0.00     0.00     0.00     0.00     0.00 -1 -4.14e-08      0.00 6.875e-01 2.965e-01 1.844e-03 1.736e-03 6.682e-03 -1.000 1.600e-02 -3.394 -2.112 -0.485 -3.327
0.0152 0.01508 9.47712 1.5003957748 2.5389170647    1.455  3.281  3.5350  0.412    7  0.000  0.368     0.00     0.00     0.00     0.00     0.00 -1 -4.42e-08      0.00 6.875e-01 2.965e-01 1.844e-03 1.736e-03 6.682e-03 -1.000 1.600e-02 -3.431 -2.108 -0.431 -3.336
0.0152 0.01508 9.47712 1.5003966093 2.5389173031    1.455  3.296  3.5330  0.389    7  0.000  0.368     0.00     0.00     0.00     0.00     0.00 -1 -4.73e-08      0.00 6.875e-01 2.965e-01 1.844e-03 1.736e-03 6.682e-03 -1.000 1.600e-02 -3.470 -2.103 -0.376 -3.345
0.0152 0.01508 9.47712 1.5003976822 2.5389173031    1.455  3.314  3.5307  0.362    7  0.000  0.368     0.00     0.00     0.00     0.00     0.00 -1 -5.09e-08      0.00 6.875e-01 2.965e-01 1.844e-03 1.736e-03 6.682e-03 -1.000 1.600e-02 -3.515 -2.098 -0.313 -3.355
0.0152 0.01508 9.47712 1.5003988743 2.5389175415    1.454  3.336  3.5280  0.329    7  0.000  0.368     0.00     0.00     0.00     0.00     0.00 -1 -5.57e-08      0.00 6.875e-01 2.965e-01 1.844e-03 1.736e-03 6.682e-03 -1.000 1.600e-02 -3.569 -2.083 -0.222 -3.358
0.0152 0.01508 9.47712 1.5004004240 2.5389175415    1.454  3.360  3.5249  0.292    7  0.527  0.368     0.00     0.00     0.00     0.00     0.00 -1 -6.16e-08      0.00 6.875e-01 2.965e-01 1.844e-03 1.736e-03 6.682e-03 -1.000 1.600e-02 -3.629 -2.063 -0.115 -3.357
0.0152 0.01508 9.47712 1.5004026890 2.5389177799    1.453  3.392  3.5207  0.243    7  0.527  0.368     0.00     0.00     0.00     0.00     0.00 -1 -7.07e-08      0.00 6.875e-01 2.965e-01 1.844e-03 1.736e-03 6.682e-03 -1.000 1.600e-02 -3.710 -2.033 0.036 -3.354
0.0152 0.01508 9.47712 1.5004053116 2.5389180183    1.452  3.416  3.5174  0.205    7  0.527  0.368     0.00     0.00     0.00     0.00     0.00 -1 -7.87e-08      0.00 6.875e-01 2.965e-01 1.844e-03 1.736e-03 6.682e-03 -1.000 1.600e-02 -3.771 -1.990 0.182 -3.331
0.0152 0.01508 9.47712 1.5004055500 2.5389180183    1.452  3.416  3.5174  0.205    8  0.527  0.387   116.85    64.64    41.64    32.65    26.69  2 -7.83e-08      0.00 6.875e-01 2.971e-01 1.948e-03 1.738e-03 6.715e-03 -1.000 1.540e-02 -3.771 -1.990 0.182 -3.331
0.0152 0.01508 9.47712 1.5004057884 2.5389180183    1.452  3.161  3.5488  0.586    8  0.527  0.387    51.31    32.49    21.59    16.75    13.67  2 -2.68e-08      0.00 6.875e-01 2.971e-01 1.948e-03 1.738e-03 6.715e-03 -1.000 1.540e-02 -3.133 -2.084 -0.724 -3.218
0.0152 0.01508 9.47712 1.5004060268 2.5389180183    1.451  3.076  3.5590  0.712    8  0.527  0.387    39.55    25.85    17.36    13.42    10.95  3 -1.85e-08      0.00 6.875e-01 2.971e-01 1.948e-03 1.738e-03 6.715e-03 -1.000 1.540e-02 -2.920 -2.037 -0.859 -3.106
0.0152 0.01508 9.47712 1.5004067421 2.5389180183    1.451  2.874  3.5832  1.010    8  0.528  0.387    21.93    15.09    10.38     7.96     6.49  3 -7.56e-09      0.00 6.875e-01 2.971e-01 1.948e-03 1.738e-03 6.715e-03 -1.000 1.540e-02 -2.416 -1.829 -0.922 -2.770
0.0152 0.01508 9.47712 1.5004076958 2.5389182568    1.451  2.888  3.5814  0.989    8  0.528  0.387    22.84    15.67    10.76     8.26     6.73  3 -8.06e-09      0.00 6.875e-01 2.971e-01 1.948e-03 1.738e-03 6.715e-03 -1.000 1.540e-02 -2.450 -1.847 -0.926 -2.795
0.0152 0.01508 9.47712 1.5004090071 2.5389182568    1.450  2.999  3.5679  0.824    8  0.528  0.387    31.54    21.10    14.29    11.02     8.99  3 -1.32e-08      0.00 6.875e-01 2.971e-01 1.948e-03 1.738e-03 6.715e-03 -1.000 1.540e-02 -2.726 -1.966 -0.909 -2.983
0.0152 0.01508 9.47712 1.5004105568 2.5389184952    1.450  3.158  3.5484  0.587    8  0.528  0.387    51.19    32.42    21.54    16.72    13.64  2 -2.65e-08      0.00 6.875e-01 2.971e-01 1.948e-03 1.738e-03 6.715e-03 -1.000 1.540e-02 -3.125 -2.068 -0.701 -3.205
0.0152 0.01508 9.47712 1.5004125834 2.5389184952    1.449  3.298  3.5312  0.378    8  0.528  0.387    79.85    47.30    30.90    24.12    19.70  2 -4.81e-08      0.00 6.875e-01 2.971e-01 1.948e-03 1.738e-03 6.715e-03 -1.000 1.540e-02 -3.476 -2.069 -0.298 -3.323
0.0152 0.01508 9.47712 1.5004148483 2.5389187336    1.448  3.392  3.5196  0.237    8  0.528  0.387   108.72    60.97    39.38    30.85    25.21  2 -7.12e-08      0.00 6.875e-01 2.971e-01 1.948e-03 1.738e-03 6.715e-03 -1.000 1.540e-02 -3.710 -2.000 0.101 -3.328
0.0152 0.01508 9.47712 1.5004175901 2.5389189720    1.447  3.442  3.5130  0.160    8  0.529  0.387   129.21    70.07    44.97    35.30    28.86  2 -8.79e-08      0.00 6.875e-01 2.971e-01 1.948e-03 1.738e-03 6.715e-03 -1.000 1.540e-02 -3.836 -1.911 0.402 -3.278
0.0152 0.01508 9.47712 1.5004205704 2.5389192104    1.445  3.467  3.5096  0.121    8  0.529  0.387   141.09    75.15    48.08    37.78    30.90  2 -9.74e-08      0.00 6.875e-01 2.971e-01 1.948e-03 1.738e-03 6.715e-03 -1.000 1.540e-02 -3.898 -1.860 0.563 -3.247
0.0152 0.01508 9.47712 1.5004239082 2.5389194489    1.444  3.482  3.5082  0.100    8  0.530  0.387   148.04    78.07    49.86    39.21    32.06  2 -1.04e-07      0.00 6.875e-01 2.971e-01 1.948e-03 1.738e-03 6.715e-03 -1.000 1.540e-02 -3.936 -1.859 0.599 -3.252
0.0152 0.01508 9.47712 1.5004240274 2.5389194489    1.444  3.299  3.5293  0.368    8  0.530  0.387    81.54    48.13    31.41    24.53    20.04  2 -4.85e-08      0.00 6.875e-01 2.971e-01 1.948e-03 1.738e-03 6.715e-03 -1.000 1.540e-02 -3.477 -2.025 -0.204 -3.291
0.0152 0.01508 9.47712 1.5004243851 2.5389194489    1.444  3.148  3.5474  0.591    8  0.530  0.387    50.69    32.14    21.36    16.58    13.53  2 -2.56e-08      0.00 6.875e-01 2.971e-01 1.948e-03 1.738e-03 6.715e-03 -1.000 1.540e-02 -3.100 -2.024 -0.636 -3.168
0.0152 0.01508 9.47712 1.5004251003 2.5389196873    1.443  2.946  3.5718  0.891    8  0.530  0.387    27.60    18.68    12.72     9.80     7.98  3 -1.06e-08      0.00 6.875e-01 2.971e-01 1.948e-03 1.738e-03 6.715e-03 -1.000 1.540e-02 -2.594 -1.883 -0.873 -2.878
0.0152 0.01508 9.47712 1.5004260540 2.5389196873    1.443  2.957  3.5704  0.874    8  0.530  0.387    28.56    19.27    13.11    10.10     8.23  3 -1.11e-08      0.00 6.875e-01 2.971e-01 1.948e-03 1.738e-03 6.715e-03 -1.000 1.540e-02 -2.623 -1.896 -0.872 -2.898
0.0152 0.01508 9.47712 1.5004273653 2.5389196873    1.442  3.063  3.5576  0.716    8  0.530  0.387    39.17    25.63    17.21    13.31    10.86  3 -1.78e-08      0.00 6.875e-01 2.971e-01 1.948e-03 1.738e-03 6.715e-03 -1.000 1.540e-02 -2.888 -1.982 -0.779 -3.060
0.0152 0.01508 9.47712 1.5004290342 2.5389199257    1.441  3.217  3.5390  0.488    8  0.530  0.387    62.98    38.73    25.53    19.87    16.22  2 -3.45e-08      0.00 6.875e-01 2.971e-01 1.948e-03 1.738e-03 6.715e-03 -1.000 1.540e-02 -3.273 -2.036 -0.464 -3.236
0.0152 0.01508 9.47712 1.5004310608 2.5389201641    1.440  3.351  3.5227  0.289    8  0.531  0.387    96.90    55.49    35.98    28.16    23.01  2 -6.07e-08      0.00 6.875e-01 2.971e-01 1.948e-03 1.738e-03 6.715e-03 -1.000 1.540e-02 -3.607 -1.984 0.021 -3.292
0.0152 0.01508 9.47712 1.5004333258 2.5389201641    1.439  3.438  3.5121  0.159    8  0.531  0.387   129.51    70.17    45.03    35.36    28.91  2 -8.73e-08      0.00 6.875e-01 2.971e-01 1.948e-03 1.738e-03 6.715e-03 -1.000 1.540e-02 -3.825 -1.870 0.472 -3.242
0.0152 0.01508 9.47712 1.5004360676 2.5389204025    1.438  3.482  3.5067  0.093    8  0.531  0.387   150.46    79.05    50.45    39.69    32.46  2 -1.05e-07      0.00 6.875e-01 2.971e-01 1.948e-03 1.738e-03 6.715e-03 -1.000 1.540e-02 -3.935 -1.813 0.681 -3.214
0.0152 0.01508 9.47712 1.5004390478 2.5389206409    1.436  3.500  3.5045  0.066    8  0.532  0.387   160.03    82.98    52.84    41.60    34.02  2 -1.13e-07      0.00 6.875e-01 2.971e-01 1.948e-03 1.738e-03 6.715e-03 -1.000 1.540e-02 -3.979 -1.789 0.763 -3.200
0.0152 0.01508 9.47712 1.5004425049 2.5389211178    1.435  3.508  3.5042  0.056    8  0.532  0.387   163.46    84.37    53.69    42.27    34.58  2 -1.17e-07      0.00 6.875e-01 2.971e-01 1.948e-03 1.738e-03 6.715e-03 -1.000 1.540e-02 -3.999 -1.799 0.762 -3.212
0.0152 0.01508 9.47712 1.5004426241 2.5389211178    1.435  3.332  3.5249  0.314    8  0.532  0.387    91.51    52.93    34.39    26.90    21.98  2 -5.69e-08      0.00 6.875e-01 2.971e-01 1.948e-03 1.738e-03 6.715e-03 -1.000 1.540e-02 -3.561 -1.995 -0.052 -3.289
0.0152 0.01508 9.47712 1.5004431009 2.5389211178    1.434  3.183  3.5432  0.536    8  0.532  0.387    56.72    35.41    23.43    18.21    14.87  2 -3.03e-08      0.00 6.875e-01 2.971e-01 1.948e-03 1.738e-03 6.715e-03 -1.000 1.540e-02 -3.187 -2.032 -0.554 -3.204
0.0152 0.01508 9.47712 1.5004438162 2.5389211178    1.434  2.981  3.5678  0.837    8  0.533  0.387    30.66    20.57    13.95    10.76     8.77  3 -1.26e-08      0.00 6.875e-01 2.971e-01 1.948e-03 1.738e-03 6.715e-03 -1.000 1.540e-02 -2.683 -1.922 -0.865 -2.939
0.0152 0.01508 9.47712 1.5004448891 2.5389211178    1.433  2.993  3.5663  0.818    8  0.533  0.387    31.81    21.26    14.40    11.11     9.06  3 -1.34e-08      0.00 6.875e-01 2.971e-01 1.948e-03 1.738e-03 6.715e-03 -1.000 1.540e-02 -2.713 -1.932 -0.855 -2.957
0.0152 0.01508 9.47712 1.5004463196 2.5389213562    1.433  3.099  3.5534  0.661    8  0.533  0.387    43.75    28.26    18.89    14.64    11.94  3 -2.12e-08      0.00 6.875e-01 2.971e-01 1.948e-03 1.738e-03 6.715e-03 -1.000 1.540e-02 -2.976 -2.003 -0.728 -3.108
0.0152 0.01508 9.47712 1.5004482269 2.5389215946    1.432  3.250  3.5347  0.434    8  0.533  0.387    70.46    42.58    27.94    21.78    17.79  2 -4.06e-08      0.00 6.875e-01 2.971e-01 1.948e-03 1.738e-03 6.715e-03 -1.000 1.540e-02 -3.356 -2.025 -0.344 -3.254
0.0152 0.01508 9.47712 1.5004503727 2.5389215946    1.430  3.383  3.5183  0.236    8  0.534  0.387   108.67    60.90    39.32    30.82    25.19  2 -7.07e-08      0.00 6.875e-01 2.971e-01 1.948e-03 1.738e-03 6.715e-03 -1.000 1.540e-02 -3.686 -1.936 0.203 -3.271
0.0152 0.01508 9.47712 1.5004529953 2.5389218330    1.429  3.469  3.5075  0.106    8  0.534  0.387   145.77    77.06    49.23    38.72    31.66  2 -1.01e-07      0.00 6.875e-01 2.971e-01 1.948e-03 1.738e-03 6.715e-03 -1.000 1.540e-02 -3.903 -1.805 0.669 -3.201
0.0152 0.01508 9.47712 1.5004559755 2.5389220715    1.427  3.514  3.5018  0.038    8  0.535  0.387   170.18    87.04    55.30    43.57    35.64  1 -1.22e-07      0.00 6.875e-01 2.971e-01 1.948e-03 1.738e-03 6.715e-03 -1.000 1.540e-02 -4.014 -1.739 0.884 -3.163
0.0152 0.01508 9.47712 1.5004593134 2.5389223099    1.425  3.533  3.4993  0.009    8  0.535  0.387   182.18    91.78    58.17    45.87    37.53  1 -1.32e-07      0.00 6.875e-01 2.971e-01 1.948e-03 1.738e-03 6.715e-03 -1.000 1.540e-02 -4.061 -1.704 0.983 -3.140
0.0152 0.01508 9.47712 1.5004631281 2.5389227867    1.423  3.542  3.4987 -0.004    8  0.536  0.387   187.48    93.83    59.41    46.87    38.35  1 -1.38e-07      0.00 6.875e-01 2.971e-01 1.948e-03 1.738e-03 6.715e-03 -1.000 1.540e-02 -4.085 -1.708 0.993 -3.147
0.0152 0.01508 9.47712 1.5004632473 2.5389227867    1.423  3.377  3.5185  0.240    8  0.536  0.387   107.60    60.39    39.01    30.57    24.99  2 -7.01e-08      0.00 6.875e-01 2.971e-01 1.948e-03 1.738e-03 6.715e-03 -1.000 1.540e-02 -3.673 -1.928 0.205 -3.262
0.0152 0.01508 9.47712 1.5004637241 2.5389227867    1.423  3.229  3.5368  0.461    8  0.536  0.387    66.41    40.49    26.63    20.75    16.94  2 -3.79e-08      0.00 6.875e-01 2.971e-01 1.948e-03 1.738e-03 6.715e-03 -1.000 1.540e-02 -3.303 -2.020 -0.394 -3.235
0.0152 0.01508 9.47712 1.5004645586 2.5389227867    1.422  3.029  3.5618  0.762    8  0.536  0.387    35.56    23.51    15.84    12.25     9.99  3  -1.6e-08      0.00 6.875e-01 2.971e-01 1.948e-03 1.738e-03 6.715e-03 -1.000 1.540e-02 -2.801 -1.959 -0.822 -3.010
0.0152 0.01508 9.47712 1.5004657507 2.5389230251    1.421  3.041  3.5602  0.742    8  0.537  0.387    36.97    24.34    16.38    12.67    10.33  3 -1.69e-08      0.00 6.875e-01 2.971e-01 1.948e-03 1.738e-03 6.715e-03 -1.000 1.540e-02 -2.833 -1.968 -0.811 -3.029
0.0152 0.01508 9.47712 1.5004673004 2.5389230251    1.420  3.145  3.5472  0.586    8  0.537  0.387    50.97    32.28    21.44    16.66    13.59  2 -2.66e-08      0.00 6.875e-01 2.971e-01 1.948e-03 1.738e-03 6.715e-03 -1.000 1.540e-02 -3.092 -2.013 -0.620 -3.158
0.0152 0.01508 9.47712 1.5004693270 2.5389232635    1.419  3.294  3.5285  0.362    8  0.537  0.387    82.20    48.40    31.57    24.67    20.15  2    -5e-08      0.00 6.875e-01 2.971e-01 1.948e-03 1.738e-03 6.715e-03 -1.000 1.540e-02 -3.465 -1.992 -0.150 -3.264
0.0152 0.01508 9.47712 1.5004717112 2.5389235020    1.417  3.424  3.5121  0.166    8  0.538  0.387   126.95    68.99    44.29    34.79    28.44  2  -8.6e-08      0.00 6.875e-01 2.971e-01 1.948e-03 1.738e-03 6.715e-03 -1.000 1.540e-02 -3.790 -1.833 0.509 -3.206
0.0152 0.01508 9.47712 1.5004744530 2.5389237404    1.415  3.509  3.5011  0.036    8  0.538  0.387   170.72    87.20    55.39    43.66    35.71  1 -1.22e-07      0.00 6.875e-01 2.971e-01 1.948e-03 1.738e-03 6.715e-03 -1.000 1.540e-02 -4.003 -1.706 0.933 -3.134
0.0152 0.01508 9.47712 1.5004776716 2.5389239788    1.413  3.554  3.4953 -0.033    8  0.539  0.387   200.15    98.66    62.32    49.21    40.26  1 -1.47e-07      0.00 6.875e-01 2.971e-01 1.948e-03 1.738e-03 6.715e-03 -1.000 1.540e-02 -4.115 -1.638 1.129 -3.089
0.0152 0.01508 9.47712 1.5004813671 2.5389242172    1.411  3.574  3.4925 -0.064    8  0.540  0.387   215.51   104.42    65.79    52.00    42.55  1  -1.6e-07      0.00 6.875e-01 2.971e-01 1.948e-03 1.738e-03 6.715e-03 -1.000 1.540e-02 -4.164 -1.604 1.220 -3.065
0.0152 0.01508 9.47712 1.5004854202 2.5389244556    1.408  3.585  3.4917 -0.079    8  0.541  0.387   223.22   107.25    67.49    53.37    43.67  1 -1.69e-07      0.00 6.875e-01 2.971e-01 1.948e-03 1.738e-03 6.715e-03 -1.000 1.540e-02 -4.191 -1.605 1.239 -3.069
0.0152 0.01508 9.47712 1.5004855394 2.5389244556    1.408  3.432  3.5102  0.147    8  0.541  0.387   132.12    71.19    45.63    35.87    29.32  2 -9.06e-08      0.00 6.875e-01 2.971e-01 1.948e-03 1.738e-03 6.715e-03 -1.000 1.540e-02 -3.810 -1.793 0.608 -3.176
0.0152 0.01508 9.47712 1.5004860163 2.5389246941    1.407  3.286  3.5287  0.367    8  0.541  0.387    81.05    47.82    31.21    24.39    19.92  2 -4.95e-08      0.00 6.875e-01 2.971e-01 1.948e-03 1.738e-03 6.715e-03 -1.000 1.540e-02 -3.445 -1.979 -0.145 -3.249
0.0152 0.01508 9.47712 1.5004868507 2.5389246941    1.407  3.086  3.5541  0.669    8  0.541  0.387    42.82    27.72    18.54    14.37    11.72  3 -2.12e-08      0.00 6.875e-01 2.971e-01 1.948e-03 1.738e-03 6.715e-03 -1.000 1.540e-02 -2.944 -1.983 -0.721 -3.083
0.0152 0.01508 9.47712 1.5004881620 2.5389246941    1.405  3.098  3.5525  0.650    8  0.541  0.387    44.54    28.69    19.16    14.86    12.12  2 -2.24e-08      0.00 6.875e-01 2.971e-01 1.948e-03 1.738e-03 6.715e-03 -1.000 1.540e-02 -2.975 -1.988 -0.698 -3.098
0.0152 0.01508 9.47712 1.5004897118 2.5389249325    1.404  3.199  3.5395  0.496    8  0.542  0.387    61.39    37.85    24.96    19.44    15.87  2 -3.46e-08      0.00 6.875e-01 2.971e-01 1.948e-03 1.738e-03 6.715e-03 -1.000 1.540e-02 -3.228 -2.003 -0.446 -3.199
0.0152 0.01508 9.47712 1.5004918575 2.5389251709    1.402  3.343  3.5210  0.277    8  0.542  0.387    98.69    56.23    36.42    28.53    23.31  2 -6.35e-08      0.00 6.875e-01 2.971e-01 1.948e-03 1.738e-03 6.715e-03 -1.000 1.540e-02 -3.588 -1.919 0.136 -3.237
0.0152 0.01508 9.47712 1.5004942417 2.5389251709    1.400  3.469  3.5047  0.086    8  0.543  0.387   151.83    79.47    50.68    39.90    32.63  2 -1.07e-07      0.00 6.875e-01 2.971e-01 1.948e-03 1.738e-03 6.715e-03 -1.000 1.540e-02 -3.903 -1.721 0.821 -3.130
0.0152 0.01508 9.47712 1.5004972219 2.5389256477    1.398  3.551  3.4938 -0.041    8  0.543  0.387   203.45    99.82    63.00    49.78    40.73  1  -1.5e-07      0.00 6.875e-01 2.971e-01 1.948e-03 1.738e-03 6.715e-03 -1.000 1.540e-02 -4.108 -1.590 1.204 -3.046
0.0152 0.01508 9.47712 1.5005005598 2.5389258862    1.395  3.594  3.4881 -0.107    8  0.544  0.387   237.85   112.50    70.62    55.90    45.75  1 -1.79e-07      0.00 6.875e-01 2.971e-01 1.948e-03 1.738e-03 6.715e-03 -1.000 1.540e-02 -4.214 -1.540 1.346 -3.014
0.0152 0.01508 9.47712 1.5005042553 2.5389261246    1.392  3.612  3.4853 -0.137    8  0.545  0.387   255.60   118.80    74.39    58.94    48.24  1 -1.94e-07      0.00 6.875e-01 2.971e-01 1.948e-03 1.738e-03 6.715e-03 -1.000 1.540e-02 -4.261 -1.530 1.374 -3.009
0.0152 0.01508 9.47712 1.5005085468 2.5389263630    1.388  3.622  3.4850 -0.150    8  0.546  0.387   263.14   121.41    75.95    60.20    49.27  1 -2.04e-07      0.00 6.875e-01 2.971e-01 1.948e-03 1.738e-03 6.715e-03 -1.000 1.540e-02 -4.285 -1.545 1.365 -3.025
0.0152 0.01508 9.47712 1.5005086660 2.5389263630    1.388  3.483  3.5018  0.056    8  0.546  0.387   162.09    83.60    53.18    41.92    34.28  1 -1.16e-07      0.00 6.875e-01 2.971e-01 1.948e-03 1.738e-03 6.715e-03 -1.000 1.540e-02 -3.938 -1.666 0.951 -3.090
0.0152 0.01508 9.47712 1.5005091429 2.5389266014    1.387  3.339  3.5206  0.275    8  0.546  0.387    98.84    56.27    36.44    28.56    23.33  2 -6.43e-08      0.00 6.875e-01 2.971e-01 1.948e-03 1.738e-03 6.715e-03 -1.000 1.540e-02 -3.577 -1.897 0.169 -3.218
0.0152 0.01508 9.47712 1.5005099773 2.5389266014    1.386  3.139  3.5465  0.579    8  0.546  0.387    51.47    32.53    21.59    16.78    13.69  2 -2.79e-08      0.00 6.875e-01 2.971e-01 1.948e-03 1.738e-03 6.715e-03 -1.000 1.540e-02 -3.079 -1.986 -0.580 -3.136
0.0152 0.01508 9.47712 1.5005112886 2.5389266014    1.385  3.151  3.5449  0.560    8  0.547  0.387    53.54    33.65    22.30    17.35    14.15  2 -2.95e-08      0.00 6.875e-01 2.971e-01 1.948e-03 1.738e-03 6.715e-03 -1.000 1.540e-02 -3.109 -1.985 -0.544 -3.146
0.0152 0.01508 9.47712 1.5005128384 2.5389268398    1.383  3.249  3.5320  0.409    8  0.547  0.387    73.72    44.14    28.90    22.57    18.43  2 -4.47e-08      0.00 6.875e-01 2.971e-01 1.948e-03 1.738e-03 6.715e-03 -1.000 1.540e-02 -3.353 -1.963 -0.214 -3.211
0.0152 0.01508 9.47712 1.5005149841 2.5389270782    1.381  3.388  3.5135  0.196    8  0.548  0.387   117.94    64.91    41.76    32.80    26.81  2 -7.99e-08      0.00 6.875e-01 2.971e-01 1.948e-03 1.738e-03 6.715e-03 -1.000 1.540e-02 -3.701 -1.794 0.498 -3.157
0.0152 0.01508 9.47712 1.5005173683 2.5389270782    1.378  3.509  3.4974  0.010    8  0.548  0.387   180.41    90.85    57.57    45.45    37.17  1 -1.31e-07      0.00 6.875e-01 2.971e-01 1.948e-03 1.738e-03 6.715e-03 -1.000 1.540e-02 -4.003 -1.594 1.124 -3.036
0.0152 0.01508 9.47712 1.5005203485 2.5389273167    1.375  3.588  3.4867 -0.113    8  0.549  0.387   240.48   113.31    71.08    56.31    46.08  1 -1.81e-07      0.00 6.875e-01 2.971e-01 1.948e-03 1.738e-03 6.715e-03 -1.000 1.540e-02 -4.200 -1.501 1.391 -2.976
0.0152 0.01508 9.47712 1.5005236864 2.5389277935    1.371  3.628  3.4810 -0.177    8  0.550  0.387   280.03   127.12    79.33    62.95    51.52  1 -2.15e-07      0.00 6.875e-01 2.971e-01 1.948e-03 1.738e-03 6.715e-03 -1.000 1.540e-02 -4.300 -1.483 1.446 -2.969
0.0152 0.01508 9.47712 1.5005273819 2.5389280319    1.367  3.645  3.4784 -0.206    8  0.551  0.387   300.02   133.83    83.32    66.18    54.17  1 -2.58e-07      0.00 6.875e-01 2.971e-01 1.948e-03 1.738e-03 6.715e-03 -1.000 1.540e-02 -4.343 -1.476 1.469 -2.968
0.0152 0.01508 9.47712 1.5005316734 2.5389282703    1.362  3.654  3.4785 -0.216    8  0.552  0.387   307.02   136.12    84.67    67.27    55.07  1 -2.84e-07      0.00 6.875e-01 2.971e-01 1.948e-03 1.738e-03 6.715e-03 -1.000 1.540e-02 -4.365 -1.496 1.454 -2.988
0.0152 0.01508 9.47712 1.5005317926 2.5389282703    1.362  3.529  3.4937 -0.030    8  0.552  0.387   197.36    97.31    61.45    48.58    39.74  1 -1.47e-07      0.00 6.875e-01 2.971e-01 1.948e-03 1.738e-03 6.715e-03 -1.000 1.540e-02 -4.053 -1.533 1.259 -2.989
0.0152 0.01508 9.47712 1.5005322695 2.5389285088    1.361  3.387  3.5127  0.188    8  0.552  0.387   119.66    65.61    42.17    33.15    27.09  2 -8.29e-08      0.00 6.875e-01 2.971e-01 1.948e-03 1.738e-03 6.715e-03 -1.000 1.540e-02 -3.697 -1.764 0.554 -3.132
0.0152 0.01508 9.47712 1.5005331039 2.5389285088    1.359  3.188  3.5394  0.493    8  0.552  0.387    61.40    37.81    24.91    19.42    15.85  2 -3.65e-08      0.00 6.875e-01 2.971e-01 1.948e-03 1.738e-03 6.715e-03 -1.000 1.540e-02 -3.201 -1.973 -0.412 -3.170
0.0152 0.01508 9.47712 1.5005342960 2.5389285088    1.357  3.200  3.5377  0.474    8  0.553  0.387    63.91    39.11    25.73    20.07    16.38  2 -3.85e-08      0.00 6.875e-01 2.971e-01 1.948e-03 1.738e-03 6.715e-03 -1.000 1.540e-02 -3.230 -1.966 -0.362 -3.174
0.0152 0.01508 9.47712 1.5005359650 2.5389287472    1.355  3.295  3.5248  0.326    8  0.553  0.387    87.90    51.03    33.18    25.98    21.22  2 -5.75e-08      0.00 6.875e-01 2.971e-01 1.948e-03 1.738e-03 6.715e-03 -1.000 1.540e-02 -3.467 -1.898 0.048 -3.192
0.0152 0.01508 9.47712 1.5005378723 2.5389289856    1.352  3.429  3.5064  0.118    8  0.554  0.387   139.94    74.31    47.49    37.41    30.58  2    -1e-07      0.00 6.875e-01 2.971e-01 1.948e-03 1.738e-03 6.715e-03 -1.000 1.540e-02 -3.802 -1.675 0.819 -3.076
0.0152 0.01508 9.47712 1.5005403757 2.5389289856    1.348  3.544  3.4904 -0.063    8  0.554  0.387   212.82   103.04    64.89    51.36    42.02  1 -1.61e-07      0.00 6.875e-01 2.971e-01 1.948e-03 1.738e-03 6.715e-03 -1.000 1.540e-02 -4.091 -1.473 1.384 -2.941
0.0152 0.01508 9.47712 1.5005432367 2.5389292240    1.343  3.620  3.4798 -0.182    8  0.555  0.387   282.29   127.66    79.62    63.23    51.75  1 -2.19e-07      0.00 6.875e-01 2.971e-01 1.948e-03 1.738e-03 6.715e-03 -1.000 1.540e-02 -4.279 -1.438 1.495 -2.927
0.0152 0.01508 9.47712 1.5005464554 2.5389294624    1.338  3.658  3.4742 -0.244    8  0.556  0.387   327.62   142.65    88.51    70.42    57.65  1 -3.17e-07      0.00 6.875e-01 2.971e-01 1.948e-03 1.738e-03 6.715e-03 -1.000 1.540e-02 -4.374 -1.437 1.533 -2.935
0.0152 0.01508 9.47712 1.5005501509 2.5389299393    1.332  3.673  3.4716 -0.272    8  0.557  0.387   350.40   149.88    92.79    73.89    60.49  1  -3.8e-07      0.00 6.875e-01 2.971e-01 1.948e-03 1.738e-03 6.715e-03 -1.000 1.540e-02 -4.413 -1.431 1.556 -2.933
0.0152 0.01508 9.47712 1.5005543232 2.5389301777    1.325  3.681  3.4719 -0.281    8  0.558  0.387   357.62   152.09    94.08    74.95    61.36  1 -4.15e-07      0.00 6.875e-01 2.971e-01 1.948e-03 1.738e-03 6.715e-03 -1.000 1.540e-02 -4.432 -1.450 1.540 -2.952
0.0152 0.01508 9.47712 1.5005544424 2.5389301777    1.325  3.570  3.4856 -0.116    8  0.558  0.387   240.02   112.80    70.72    56.09    45.88  1 -1.87e-07      0.00 6.875e-01 2.971e-01 1.948e-03 1.738e-03 6.715e-03 -1.000 1.540e-02 -4.156 -1.436 1.460 -2.913
0.0152 0.01508 9.47712 1.5005549192 2.5389301777    1.324  3.431  3.5050  0.101    8  0.559  0.387   144.72    76.18    48.61    38.34    31.33  2 -1.07e-07      0.00 6.875e-01 2.971e-01 1.948e-03 1.738e-03 6.715e-03 -1.000 1.540e-02 -3.806 -1.636 0.895 -3.044
0.0152 0.01508 9.47712 1.5005556345 2.5389304161    1.322  3.233  3.5324  0.408    8  0.559  0.387    73.14    43.75    28.62    22.39    18.27  2  -4.8e-08      0.00 6.875e-01 2.971e-01 1.948e-03 1.738e-03 6.715e-03 -1.000 1.540e-02 -3.313 -1.933 -0.194 -3.178
0.0152 0.01508 9.47712 1.5005568266 2.5389304161    1.319  3.245  3.5307  0.388    8  0.559  0.387    76.25    45.29    29.58    23.15    18.90  2 -5.06e-08      0.00 6.875e-01 2.971e-01 1.948e-03 1.738e-03 6.715e-03 -1.000 1.540e-02 -3.342 -1.924 -0.141 -3.180
0.0152 0.01508 9.47712 1.5005583763 2.5389306545    1.315  3.337  3.5176  0.243    8  0.560  0.387   104.96    58.88    38.00    29.86    24.39  2 -7.46e-08      0.00 6.875e-01 2.971e-01 1.948e-03 1.738e-03 6.715e-03 -1.000 1.540e-02 -3.572 -1.799 0.359 -3.138
0.0152 0.01508 9.47712 1.5005602837 2.5389306545    1.311  3.465  3.4992  0.039    8  0.560  0.387   166.60    85.03    53.98    42.65    34.87  1 -1.27e-07      0.00 6.875e-01 2.971e-01 1.948e-03 1.738e-03 6.715e-03 -1.000 1.540e-02 -3.894 -1.542 1.135 -2.977
0.0152 0.01508 9.47712 1.5005625486 2.5389308929    1.305  3.577  3.4832 -0.138    8  0.561  0.387   252.46   117.05    73.24    58.15    47.57  1    -2e-07      0.00 6.875e-01 2.971e-01 1.948e-03 1.738e-03 6.715e-03 -1.000 1.540e-02 -4.172 -1.403 1.507 -2.885
0.0152 0.01508 9.47712 1.5005652905 2.5389311314    1.299  3.649  3.4725 -0.255    8  0.562  0.387   334.19   144.39    89.49    71.28    58.34  1 -3.22e-07      0.00 6.875e-01 2.971e-01 1.948e-03 1.738e-03 6.715e-03 -1.000 1.540e-02 -4.352 -1.389 1.590 -2.889
0.0152 0.01508 9.47712 1.5005683899 2.5389313698    1.291  3.685  3.4668 -0.317    8  0.563  0.387   388.06   161.15    99.37    79.30    64.92  1  -4.8e-07      0.01 6.875e-01 2.971e-01 1.948e-03 1.738e-03 6.715e-03 -1.000 1.540e-02 -4.443 -1.387 1.629 -2.896
0.0152 0.01508 9.47712 1.5005719662 2.5389316082    1.283  3.700  3.4641 -0.346    8  0.564  0.387   416.15   169.52   104.27    83.30    68.20  1 -5.75e-07      0.01 6.875e-01 2.971e-01 1.948e-03 1.738e-03 6.715e-03 -1.000 1.540e-02 -4.481 -1.383 1.653 -2.896
0.0152 0.01508 9.47712 1.5005759001 2.5389320850    1.273  3.708  3.4640 -0.357    8  0.565  0.387   427.15   172.67   106.10    84.81    69.43  1 -6.33e-07      0.01 6.875e-01 2.971e-01 1.948e-03 1.738e-03 6.715e-03 -1.000 1.540e-02 -4.499 -1.395 1.647 -2.909
0.0152 0.01508 9.47712 1.5005760193 2.5389320850    1.273  3.611  3.4764 -0.210    8  0.565  0.387   298.46   132.48    82.39    65.59    53.66  1 -2.46e-07      0.00 6.875e-01 2.971e-01 1.948e-03 1.738e-03 6.715e-03 -1.000 1.540e-02 -4.257 -1.363 1.589 -2.857
0.0152 0.01508 9.47712 1.5005764961 2.5389320850    1.271  3.474  3.4962  0.006    8  0.565  0.387   178.83    89.63    56.73    44.91    36.70  1 -1.44e-07      0.00 6.875e-01 2.971e-01 1.948e-03 1.738e-03 6.715e-03 -1.000 1.540e-02 -3.914 -1.472 1.266 -2.918
0.0152 0.01508 9.47712 1.5005772114 2.5389320850    1.268  3.277  3.5245  0.314    8  0.565  0.387    88.91    51.29    33.28    26.14    21.33  2 -6.53e-08      0.00 6.875e-01 2.971e-01 1.948e-03 1.738e-03 6.715e-03 -1.000 1.540e-02 -3.423 -1.847 0.107 -3.143
0.0152 0.01508 9.47712 1.5005782843 2.5389320850    1.264  3.289  3.5226  0.294    8  0.566  0.387    92.95    53.18    34.45    27.07    22.10  2 -6.91e-08      0.00 6.875e-01 2.971e-01 1.948e-03 1.738e-03 6.715e-03 -1.000 1.540e-02 -3.452 -1.826 0.182 -3.134
0.0152 0.01508 9.47712 1.5005798340 2.5389323235    1.258  3.378  3.5093  0.149    8  0.566  0.387   128.37    68.99    44.17    34.84    28.46  2 -1.01e-07      0.00 6.875e-01 2.971e-01 1.948e-03 1.738e-03 6.715e-03 -1.000 1.540e-02 -3.675 -1.630 0.793 -3.018
0.0152 0.01508 9.47712 1.5005816221 2.5389325619    1.251  3.502  3.4907 -0.052    8  0.567  0.387   203.77    99.02    62.36    49.47    40.44  1 -1.68e-07      0.00 6.875e-01 2.971e-01 1.948e-03 1.738e-03 6.715e-03 -1.000 1.540e-02 -3.985 -1.378 1.471 -2.844
0.0152 0.01508 9.47712 1.5005838871 2.5389325619    1.243  3.609  3.4744 -0.227    8  0.568  0.387   308.74   135.58    84.18    67.10    54.89  1  -2.6e-07      0.00 6.875e-01 2.971e-01 1.948e-03 1.738e-03 6.715e-03 -1.000 1.540e-02 -4.252 -1.325 1.638 -2.822
0.0152 0.01508 9.47712 1.5005865097 2.5389328003    1.233  3.678  3.4635 -0.343    8  0.568  0.387   409.34   166.88   102.63    82.09    67.18  1 -5.22e-07      0.01 6.875e-01 2.971e-01 1.948e-03 1.738e-03 6.715e-03 -1.000 1.540e-02 -4.424 -1.323 1.713 -2.836
0.0152 0.01508 9.47712 1.5005894899 2.5389330387    1.222  3.712  3.4575 -0.405    8  0.569  0.387   477.42   186.49   114.10    91.44    74.85  1 -7.75e-07      0.02 6.875e-01 2.971e-01 1.948e-03 1.738e-03 6.715e-03 -1.000 1.540e-02 -4.511 -1.314 1.781 -2.839
0.0152 0.01508 9.47712 1.5005929470 2.5389335155    1.210  3.727  3.4543 -0.437    8  0.571  0.387   515.58   196.95   120.17    96.42    78.93  1 -9.37e-07      0.02 6.875e-01 2.971e-01 1.948e-03 1.738e-03 6.715e-03 -1.000 1.540e-02 -4.547 -1.305 1.828 -2.836
0.0152 0.01508 9.47712 1.5005967617 2.5389337540    1.196  3.734  3.4538 -0.451    8  0.572  0.387   533.16   201.54   122.82    98.62    80.73  1 -1.04e-06      0.03 6.875e-01 2.971e-01 1.948e-03 1.738e-03 6.715e-03 -1.000 1.540e-02 -4.566 -1.304 1.843 -2.838
0.0152 0.01508 9.47712 1.5005968809 2.5389337540    1.195  3.651  3.4647 -0.325    8  0.572  0.387   389.11   160.30    98.69    78.98    64.62  1 -4.41e-07      0.01 6.875e-01 2.971e-01 1.948e-03 1.738e-03 6.715e-03 -1.000 1.540e-02 -4.357 -1.278 1.745 -2.789
0.0152 0.01508 9.47712 1.5005972385 2.5389337540    1.192  3.516  3.4849 -0.110    8  0.572  0.387   231.42   108.65    68.07    54.17    44.27  1 -2.04e-07      0.00 6.875e-01 2.971e-01 1.948e-03 1.738e-03 6.715e-03 -1.000 1.540e-02 -4.020 -1.288 1.607 -2.767
0.0152 0.01508 9.47712 1.5005979538 2.5389337540    1.187  3.321  3.5142  0.200    8  0.572  0.387   112.86    61.93    39.79    31.41    25.63  2  -9.5e-08      0.00 6.875e-01 2.971e-01 1.948e-03 1.738e-03 6.715e-03 -1.000 1.540e-02 -3.532 -1.645 0.627 -3.004
0.0152 0.01508 9.47712 1.5005990267 2.5389339924    1.179  3.332  3.5120  0.178    8  0.573  0.387   118.62    64.41    41.31    32.63    26.64  1 -1.01e-07      0.00 6.875e-01 2.971e-01 1.948e-03 1.738e-03 6.715e-03 -1.000 1.540e-02 -3.560 -1.600 0.744 -2.972
0.0152 0.01508 9.47712 1.5006004572 2.5389339924    1.170  3.418  3.4980  0.032    8  0.573  0.387   165.33    83.68    53.02    42.06    34.35  1 -1.46e-07      0.00 6.875e-01 2.971e-01 1.948e-03 1.738e-03 6.715e-03 -1.000 1.540e-02 -3.776 -1.389 1.312 -2.828
0.0152 0.01508 9.47712 1.5006021261 2.5389342308    1.157  3.537  3.4787 -0.169    8  0.574  0.387   264.73   119.95    74.77    59.65    48.76  1  -2.4e-07      0.00 6.875e-01 2.971e-01 1.948e-03 1.738e-03 6.715e-03 -1.000 1.540e-02 -4.073 -1.220 1.713 -2.709
0.0152 0.01508 9.47712 1.5006041527 2.5389342308    1.143  3.639  3.4615 -0.345    8  0.574  0.387   405.09   164.36   100.98    80.97    66.23  1 -4.57e-07      0.01 6.875e-01 2.971e-01 1.948e-03 1.738e-03 6.715e-03 -1.000 1.540e-02 -4.327 -1.206 1.835 -2.721
0.0152 0.01508 9.47712 1.5006066561 2.5389344692    1.126  3.704  3.4496 -0.464    8  0.575  0.387   543.58   203.13   123.58    99.46    81.38  0 -9.58e-07      0.02 6.875e-01 2.971e-01 1.948e-03 1.738e-03 6.715e-03 -1.000 1.540e-02 -4.491 -1.195 1.984 -2.732
0.0152 0.01508 9.47712 1.5006093979 2.5389347076    1.107  3.737  3.4427 -0.532    8  0.576  0.387   643.01   228.64   138.30   111.57    91.31  0 -1.44e-06      0.05 6.875e-01 2.971e-01 1.948e-03 1.738e-03 6.715e-03 -1.000 1.540e-02 -4.572 -1.170 2.123 -2.725
0.0152 0.01508 9.47712 1.5006126165 2.5389349461    1.086  3.750  3.4387 -0.570    8  0.577  0.387   705.51   243.69   146.92   118.72    97.16  0 -1.77e-06      0.07 6.875e-01 2.971e-01 1.948e-03 1.738e-03 6.715e-03 -1.000 1.540e-02 -4.606 -1.134 2.235 -2.699
0.0152 0.01508 9.47712 1.5006161928 2.5389354229    1.063  3.757  3.4445 -0.563    8  0.578  0.387   689.19   239.14   144.23   116.60    95.41  0 -1.97e-06      0.08 6.875e-01 2.971e-01 1.948e-03 1.738e-03 6.715e-03 -1.000 1.540e-02 -4.622 -1.176 2.143 -2.736
0.0152 0.01508 9.47712 1.5006163120 2.5389354229    1.060  3.686  3.4471 -0.483    8  0.579  0.387   562.27   206.80   125.54   101.28    82.84  0  -9.8e-07      0.02 6.875e-01 2.971e-01 1.948e-03 1.738e-03 6.715e-03 -1.000 1.540e-02 -4.446 -1.122 2.090 -2.664
0.0152 0.01508 9.47712 1.5006166697 2.5389354229    1.054  3.554  3.4682 -0.268    8  0.579  0.387   330.02   140.06    86.52    69.42    56.72  1 -3.33e-07      0.00 6.875e-01 2.971e-01 1.948e-03 1.738e-03 6.715e-03 -1.000 1.540e-02 -4.114 -1.092 1.902 -2.598
0.0152 0.01508 9.47712 1.5006173849 2.5389354229    1.043  3.360  3.4999  0.048    8  0.579  0.387   155.57    78.86    49.97    39.77    32.45  1 -1.62e-07      0.00 6.875e-01 2.971e-01 1.948e-03 1.738e-03 6.715e-03 -1.000 1.540e-02 -3.629 -1.298 1.366 -2.730
0.0152 0.01508 9.47712 1.5006183386 2.5389354229    1.028  3.371  3.4968  0.018    8  0.579  0.387   166.34    82.95    52.43    41.78    34.09  1 -1.77e-07      0.00 6.875e-01 2.971e-01 1.948e-03 1.738e-03 6.715e-03 -1.000 1.540e-02 -3.657 -1.233 1.492 -2.677
0.0152 0.01508 9.47712 1.5006196499 2.5389356613    1.007  3.455  3.4804 -0.140    8  0.580  0.387   240.70   109.92    68.57    54.92    44.83  1 -2.59e-07      0.00 6.875e-01 2.971e-01 1.948e-03 1.738e-03 6.715e-03 -1.000 1.540e-02 -3.867 -1.046 1.873 -2.532
0.0152 0.01508 9.47712 1.5006211996 2.5389356613    0.982  3.569  3.4573 -0.358    8  0.580  0.387   406.10   161.87    99.18    79.95    65.32  1 -4.26e-07      0.01 6.875e-01 2.971e-01 1.948e-03 1.738e-03 6.715e-03 -1.000 1.540e-02 -4.154 -0.991 2.076 -2.511
0.0152 0.01508 9.47712 1.5006232262 2.5389358997    0.953  3.667  3.4363 -0.553    8  0.581  0.387   657.83   228.48   137.74   111.74    91.34  0 -1.19e-06      0.04 6.875e-01 2.971e-01 1.948e-03 1.738e-03 6.715e-03 -1.000 1.540e-02 -4.398 -0.960 2.400 -2.521
0.0152 0.01508 9.47712 1.5006254911 2.5389361382    0.919  3.730  3.4219 -0.689    8  0.582  0.387   925.97   289.47   172.52   140.62   114.99  0 -2.63e-06      0.13 6.875e-01 2.971e-01 1.948e-03 1.738e-03 6.715e-03 -1.000 1.540e-02 -4.555 -0.846 2.843 -2.450
0.0152 0.01508 9.47712 1.5006282330 2.5389363766    0.882  3.762  3.4148 -0.767    8  0.583  0.387  1125.58   329.82   195.24   159.69   130.58  0  -4.2e-06      0.42 6.875e-01 2.971e-01 1.948e-03 1.738e-03 6.715e-03 -1.000 1.540e-02 -4.634 -0.426 3.659 -2.098
0.0152 0.01508 9.47712 1.5006312132 2.5389366150    0.842  3.775  3.4135 -0.806    8  0.584  0.387  1235.06   349.58   206.18   169.07   138.22  0 -5.56e-06      0.60 6.875e-01 2.971e-01 1.948e-03 1.738e-03 6.715e-03 -1.000 1.540e-02 -4.667 -0.168 4.114 -1.877
0.0152 0.01508 9.47712 1.5006345510 2.5389368534    0.799  3.782  3.4774 -0.580    8  0.585  0.387   682.68   229.13   137.58   112.33    91.70  0  -5.2e-06      0.45 6.875e-01 2.971e-01 1.948e-03 1.738e-03 6.715e-03 -1.000 1.540e-02 -4.684 -1.002 2.491 -2.611
0.0152 0.01508 9.47712 1.5006452799 2.5389378071    0.588 -9.999  4.0000  1.483    9  0.589  0.000     0.00     0.00     0.00     0.00     0.00 -1    -1e-30      0.00 6.875e-01 2.971e-01 1.948e-03 1.738e-03 6.715e-03 -1.000 1.540e-02 29.767 29.980 29.970 29.986

