 Zini     MH   logAge Mini        int_IMF         Mass   logL    logTe  logg  label   McoreTP C_O  period0  period1  period2  period3  period4  pmode  Mloss  tau1m   X   Y   Xc  Xn  Xo  Cexcess  Z 	 mbolmag  Gmag    G_BPmag  G_RPmag
0.0152 0.01508 9.60206 0.0900000036 1.0816895962    0.090 -3.424  3.3622  5.217    1  0.000  0.545     0.00     0.00     0.00     0.00     0.00 -1 -3.89e-17      0.00 7.087e-01 2.760e-01 2.746e-03 7.408e-04 6.719e-03 -1.000 1.527e-02 13.330 15.384 18.311 13.893
0.0152 0.01508 9.60206 0.1000000015 1.1711064577    0.100 -3.242  3.3881  5.184    1  0.000  0.545     0.00     0.00     0.00     0.00     0.00 -1 -5.84e-17      0.00 7.086e-01 2.761e-01 2.746e-03 7.408e-04 6.719e-03 -1.000 1.527e-02 12.874 14.926 17.840 13.436
0.0152 0.01508 9.60206 0.1194323823 1.3155629635    0.119 -2.984  3.4220  5.139    1  0.000  0.545     0.00     0.00     0.00     0.00     0.00 -1 -1.02e-16      0.00 7.082e-01 2.765e-01 2.746e-03 7.408e-04 6.719e-03 -1.000 1.527e-02 12.230 14.216 17.022 12.742
0.0152 0.01508 9.60206 0.1200000122 1.3193155527    0.120 -2.977  3.4229  5.138    1  0.000  0.545     0.00     0.00     0.00     0.00     0.00 -1 -1.03e-16      0.00 7.082e-01 2.765e-01 2.746e-03 7.408e-04 6.719e-03 -1.000 1.527e-02 12.213 14.185 16.973 12.715
0.0152 0.01508 9.60206 0.1400000006 1.4384527206    0.140 -2.794  3.4431  5.102    1  0.000  0.545     0.00     0.00     0.00     0.00     0.00 -1 -1.52e-16      0.00 7.080e-01 2.768e-01 2.746e-03 7.408e-04 6.719e-03 -1.000 1.527e-02 11.754 13.450 15.864 12.046
0.0152 0.01508 9.60206 0.1593211889 1.5342068672    0.159 -2.657  3.4563  5.074    1  0.000  0.545     0.00     0.00     0.00     0.00     0.00 -1 -2.01e-16      0.00 7.077e-01 2.771e-01 2.746e-03 7.408e-04 6.719e-03 -1.000 1.527e-02 11.413 12.941 15.128 11.580
0.0152 0.01508 9.60206 0.1599999964 1.5372931957    0.160 -2.653  3.4567  5.073    1  0.000  0.545     0.00     0.00     0.00     0.00     0.00 -1 -2.03e-16      0.00 7.077e-01 2.771e-01 2.746e-03 7.408e-04 6.719e-03 -1.000 1.527e-02 11.401 12.924 15.104 11.565
0.0152 0.01508 9.60206 0.2000000030 1.6938791275    0.200 -2.436  3.4754  5.029    1  0.000  0.545     0.00     0.00     0.00     0.00     0.00 -1 -3.15e-16      0.00 7.072e-01 2.776e-01 2.746e-03 7.408e-04 6.719e-03 -1.000 1.527e-02 10.861 12.166 14.053 10.871
0.0152 0.01508 9.60206 0.2500000000 1.8403258324    0.250 -2.231  3.4918  4.986    1  0.000  0.545     0.00     0.00     0.00     0.00     0.00 -1 -4.74e-16      0.00 7.067e-01 2.781e-01 2.746e-03 7.408e-04 6.719e-03 -1.000 1.527e-02 10.348 11.476 13.131 10.239
0.0152 0.01508 9.60206 0.3000000119 1.9529139996    0.300 -2.071  3.5027  4.949    1  0.000  0.545     0.00     0.00     0.00     0.00     0.00 -1 -5.46e-16      0.00 7.064e-01 2.783e-01 2.746e-03 7.408e-04 6.719e-03 -1.000 1.527e-02 9.948 10.979 12.516 9.777
0.0152 0.01508 9.60206 0.3441955447 2.0338003635    0.344 -1.931  3.5103  4.899    1  0.000  0.545     0.00     0.00     0.00     0.00     0.00 -1 -8.91e-16      0.00 7.089e-01 2.758e-01 2.746e-03 7.408e-04 6.719e-03 -1.000 1.527e-02 9.598 10.567 12.026 9.389
0.0152 0.01508 9.60206 0.3500000238 2.0434176922    0.350 -1.914  3.5112  4.893    0  0.000  0.545     0.00     0.00     0.00     0.00     0.00 -1 -9.26e-16      0.00 7.091e-01 2.757e-01 2.746e-03 7.408e-04 6.719e-03 -1.000 1.527e-02 9.555 10.516 11.967 9.341
0.0152 0.01508 9.60206 0.4000000358 2.1185026169    0.400 -1.771  3.5224  4.853    0  0.000  0.545     0.00     0.00     0.00     0.00     0.00 -1 -1.26e-15      0.00 7.091e-01 2.756e-01 2.746e-03 7.408e-04 6.719e-03 -1.000 1.527e-02 9.198 10.075 11.427 8.933
0.0152 0.01508 9.60206 0.4500000477 2.1822810173    0.450 -1.622  3.5345  4.803    1  0.000  0.545     0.00     0.00     0.00     0.00     0.00 -1 -1.78e-15      0.00 7.092e-01 2.755e-01 2.746e-03 7.408e-04 6.719e-03 -1.000 1.527e-02 8.825 9.620 10.880 8.513
0.0152 0.01508 9.60206 0.5000000000 2.2374541759    0.500 -1.467  3.5493  4.753    1  0.000  0.545     0.00     0.00     0.00     0.00     0.00 -1 -2.55e-15      0.00 7.092e-01 2.755e-01 2.746e-03 7.408e-04 6.719e-03 -1.000 1.527e-02 8.437 9.139 10.300 8.073
0.0152 0.01508 9.60206 0.5266418457 2.2633285522    0.526 -1.377  3.5596  4.726    1  0.000  0.545     0.00     0.00     0.00     0.00     0.00 -1 -3.15e-15      0.00 7.140e-01 2.710e-01 2.703e-03 7.294e-04 6.615e-03 -1.000 1.503e-02 8.212 8.850 9.945 7.814
0.0152 0.01508 9.60206 0.5500000119 2.2836582661    0.550 -1.301  3.5683  4.704    1  0.000  0.545     0.00     0.00     0.00     0.00     0.00 -1 -3.77e-15      0.00 7.186e-01 2.666e-01 2.662e-03 7.183e-04 6.515e-03 -1.000 1.482e-02 8.022 8.607 9.649 7.597
0.0152 0.01508 9.60206 0.6000000238 2.3211214542    0.600 -1.135  3.5918  4.670    1  0.000  0.545     0.00     0.00     0.00     0.00     0.00 -1 -5.49e-15      0.00 7.200e-01 2.652e-01 2.650e-03 7.152e-04 6.487e-03 -1.000 1.476e-02 7.608 8.060 8.976 7.117
0.0152 0.01508 9.60206 0.6499999762 2.3520355225    0.650 -0.969  3.6199  4.651    1  0.000  0.545     0.00     0.00     0.00     0.00     0.00 -1 -7.92e-15      0.00 7.213e-01 2.640e-01 2.639e-03 7.122e-04 6.461e-03 -1.000 1.471e-02 7.191 7.506 8.296 6.638
0.0152 0.01508 9.60206 0.7000000477 2.3779268265    0.700 -0.808  3.6490  4.639    1  0.000  0.545     0.00     0.00     0.00     0.00     0.00 -1 -1.12e-14      0.00 7.226e-01 2.628e-01 2.629e-03 7.095e-04 6.437e-03 -1.000 1.460e-02 6.790 6.963 7.623 6.180
0.0152 0.01508 9.60206 0.7286195159 2.3909218311    0.729 -0.719  3.6658  4.634    1  0.000  0.540     0.00     0.00     0.00     0.00     0.00 -1 -1.35e-14      0.00 7.234e-01 2.620e-01 2.602e-03 7.072e-04 6.422e-03 -1.000 1.461e-02 6.567 6.665 7.258 5.930
0.0152 0.01508 9.60206 0.7500000000 2.3998889923    0.750 -0.654  3.6778  4.630    1  0.000  0.537     0.00     0.00     0.00     0.00     0.00 -1 -1.55e-14      0.00 7.239e-01 2.615e-01 2.583e-03 7.057e-04 6.412e-03 -1.000 1.459e-02 6.405 6.455 7.006 5.753
0.0152 0.01508 9.60206 0.7926141620 2.4161138535    0.792 -0.534  3.6962  4.608    1  0.000  0.537     0.00     0.00     0.00     0.00     0.00 -1 -2.05e-14      0.00 7.256e-01 2.599e-01 2.569e-03 7.020e-04 6.379e-03 -1.000 1.452e-02 6.104 6.096 6.590 5.441
0.0152 0.01508 9.60206 0.8000000119 2.4187245369    0.800 -0.513  3.6993  4.604    1  0.000  0.537     0.00     0.00     0.00     0.00     0.00 -1 -2.15e-14      0.00 7.259e-01 2.596e-01 2.567e-03 7.013e-04 6.373e-03 -1.000 1.451e-02 6.053 6.036 6.521 5.389
0.0152 0.01508 9.60206 0.8076962829 2.4213867188    0.807 -0.492  3.7025  4.599    1  0.000  0.537     0.00     0.00     0.00     0.00     0.00 -1 -2.26e-14      0.00 7.262e-01 2.593e-01 2.564e-03 7.006e-04 6.366e-03 -1.000 1.449e-02 6.000 5.975 6.451 5.335
0.0152 0.01508 9.60206 0.8500000238 2.4350347519    0.850 -0.377  3.7194  4.574    1  0.000  0.537     0.00     0.00     0.00     0.00     0.00 -1 -2.95e-14      0.00 7.281e-01 2.575e-01 2.549e-03 6.964e-04 6.329e-03 -1.000 1.439e-02 5.713 5.648 6.081 5.048
0.0152 0.01508 9.60206 0.8698986173 2.4409291744    0.869 -0.324  3.7267  4.560    1  0.000  0.537     0.00     0.00     0.00     0.00     0.00 -1 -3.34e-14      0.00 7.293e-01 2.564e-01 2.540e-03 6.940e-04 6.306e-03 -1.000 1.434e-02 5.580 5.502 5.918 4.917
0.0152 0.01508 9.60206 0.9000000358 2.4492788315    0.899 -0.245  3.7374  4.539    1  0.000  0.537     0.00     0.00     0.00     0.00     0.00 -1 -4.04e-14      0.00 7.310e-01 2.548e-01 2.525e-03 6.901e-04 6.272e-03 -1.000 1.423e-02 5.382 5.286 5.677 4.726
0.0152 0.01508 9.60206 0.9096310139 2.4518163204    0.909 -0.220  3.7406  4.531    1  0.000  0.537     0.00     0.00     0.00     0.00     0.00 -1  -4.3e-14      0.00 7.317e-01 2.541e-01 2.520e-03 6.886e-04 6.258e-03 -1.000 1.420e-02 5.319 5.218 5.602 4.665
0.0152 0.01508 9.60206 0.9326230884 2.4576315880    0.932 -0.160  3.7480  4.511    1  0.000  0.537     0.00     0.00     0.00     0.00     0.00 -1 -4.99e-14      0.00 7.334e-01 2.525e-01 2.505e-03 6.848e-04 6.225e-03 -1.000 1.413e-02 5.170 5.061 5.426 4.526
0.0152 0.01508 9.60206 0.9500000477 2.4618122578    0.949 -0.115  3.7534  4.496    1  0.000  0.537     0.00     0.00     0.00     0.00     0.00 -1 -5.58e-14      0.00 7.347e-01 2.512e-01 2.495e-03 6.819e-04 6.199e-03 -1.000 1.408e-02 5.058 4.944 5.297 4.421
0.0152 0.01508 9.60206 0.9538692236 2.4627194405    0.953 -0.105  3.7545  4.493    1  0.000  0.537     0.00     0.00     0.00     0.00     0.00 -1 -5.72e-14      0.00 7.351e-01 2.508e-01 2.492e-03 6.811e-04 6.191e-03 -1.000 1.407e-02 5.033 4.918 5.269 4.398
0.0152 0.01508 9.60206 0.9735065103 2.4671957493    0.973 -0.054  3.7601  4.473    1  0.000  0.536     0.00     0.00     0.00     0.00     0.00 -1 -6.51e-14      0.00 7.371e-01 2.490e-01 2.475e-03 6.767e-04 6.152e-03 -1.000 1.400e-02 4.906 4.787 5.125 4.280
0.0152 0.01508 9.60206 0.9917975664 2.4711821079    0.992 -0.007  3.7651  4.454    1  0.000  0.536     0.00     0.00     0.00     0.00     0.00 -1 -7.34e-14      0.00 7.390e-01 2.471e-01 2.459e-03 6.724e-04 6.114e-03 -1.000 1.391e-02 4.789 4.666 4.993 4.171
0.0152 0.01508 9.60206 1.0000000000 2.4729156494    1.000  0.013  3.7673  4.445    1  0.000  0.536     0.00     0.00     0.00     0.00     0.00 -1 -7.75e-14      0.00 7.399e-01 2.463e-01 2.452e-03 6.704e-04 6.096e-03 -1.000 1.386e-02 4.736 4.613 4.935 4.123
0.0152 0.01508 9.60206 1.0013530254 2.4731984138    1.001  0.017  3.7676  4.444    1  0.000  0.536     0.00     0.00     0.00     0.00     0.00 -1 -7.81e-14      0.00 7.401e-01 2.461e-01 2.451e-03 6.700e-04 6.092e-03 -1.000 1.386e-02 4.728 4.604 4.925 4.115
0.0152 0.01508 9.60206 1.0203638077 2.4770805836    1.020  0.066  3.7722  4.422    1  0.000  0.536     0.00     0.00     0.00     0.00     0.00 -1 -8.63e-14      0.00 7.429e-01 2.434e-01 2.427e-03 6.638e-04 6.036e-03 -1.000 1.373e-02 4.606 4.480 4.791 4.002
0.0152 0.01508 9.60206 1.0379914045 2.4805347919    1.037  0.111  3.7763  4.400    1  0.000  0.536     0.00     0.00     0.00     0.00     0.00 -1 -9.47e-14      0.00 7.457e-01 2.407e-01 2.405e-03 6.576e-04 5.981e-03 -1.000 1.361e-02 4.493 4.365 4.667 3.898
0.0152 0.01508 9.60206 1.0499999523 2.4828116894    1.049  0.141  3.7790  4.385    1  0.000  0.536     0.00     0.00     0.00     0.00     0.00 -1 -1.01e-13      0.00 7.476e-01 2.388e-01 2.388e-03 6.532e-04 5.942e-03 -1.000 1.355e-02 4.416 4.288 4.583 3.827
0.0152 0.01508 9.60206 1.0649253130 2.4855592251    1.064  0.180  3.7821  4.366    1  0.000  0.536     0.00     0.00     0.00     0.00     0.00 -1 -1.09e-13      0.00 7.510e-01 2.356e-01 2.360e-03 6.458e-04 5.875e-03 -1.000 1.337e-02 4.321 4.192 4.481 3.739
0.0152 0.01508 9.60206 1.0812900066 2.4884719849    1.080  0.221  3.7852  4.343    1  0.000  0.535     0.00     0.00     0.00     0.00     0.00 -1 -1.19e-13      0.00 7.550e-01 2.318e-01 2.328e-03 6.370e-04 5.796e-03 -1.000 1.319e-02 4.217 4.088 4.370 3.642
0.0152 0.01508 9.60206 1.0963908434 2.4910712242    1.095  0.259  3.7878  4.321    1  0.000  0.535     0.00     0.00     0.00     0.00     0.00 -1  -1.3e-13      0.00 7.589e-01 2.281e-01 2.296e-03 6.285e-04 5.720e-03 -1.000 1.300e-02 4.122 3.992 4.269 3.553
0.0152 0.01508 9.60206 1.1000000238 2.4916803837    1.099  0.268  3.7884  4.316    1  0.000  0.535     0.00     0.00     0.00     0.00     0.00 -1 -1.32e-13      0.00 7.599e-01 2.272e-01 2.289e-03 6.264e-04 5.702e-03 -1.000 1.296e-02 4.099 3.970 4.245 3.532
0.0152 0.01508 9.60206 1.1045409441 2.4924399853    1.103  0.280  3.7891  4.310    1  0.000  0.535     0.00     0.00     0.00     0.00     0.00 -1 -1.35e-13      0.00 7.606e-01 2.265e-01 2.284e-03 6.252e-04 5.691e-03 -1.000 1.294e-02 4.071 3.941 4.215 3.506
0.0152 0.01508 9.60206 1.1193032265 2.4948613644    1.118  0.315  3.7911  4.288    1  0.000  0.535     0.00     0.00     0.00     0.00     0.00 -1 -1.46e-13      0.00 7.627e-01 2.244e-01 2.271e-03 6.221e-04 5.662e-03 -1.000 1.290e-02 3.982 3.852 4.122 3.422
0.0152 0.01508 9.60206 1.1330542564 2.4970514774    1.132  0.347  3.7926  4.267    1  0.000  0.535     0.00     0.00     0.00     0.00     0.00 -1 -1.56e-13      0.00 7.644e-01 2.228e-01 2.261e-03 6.201e-04 5.640e-03 -1.000 1.286e-02 3.902 3.773 4.039 3.346
0.0152 0.01508 9.60206 1.1452981234 2.4989509583    1.144  0.376  3.7938  4.248    1  0.000  0.534     0.00     0.00     0.00     0.00     0.00 -1 -1.66e-13      0.00 7.657e-01 2.215e-01 2.254e-03 6.187e-04 5.626e-03 -1.000 1.281e-02 3.830 3.700 3.964 3.276
0.0152 0.01508 9.60206 1.1499999762 2.4996678829    1.149  0.387  3.7943  4.240    1  0.000  0.534     0.00     0.00     0.00     0.00     0.00 -1  -1.7e-13      0.00 7.662e-01 2.210e-01 2.252e-03 6.182e-04 5.622e-03 -1.000 1.279e-02 3.801 3.671 3.934 3.249
0.0152 0.01508 9.60206 1.1511204243 2.4998378754    1.150  0.390  3.7943  4.238    1  0.000  0.534     0.00     0.00     0.00     0.00     0.00 -1 -1.71e-13      0.00 7.662e-01 2.211e-01 2.253e-03 6.184e-04 5.623e-03 -1.000 1.279e-02 3.795 3.665 3.928 3.243
0.0152 0.01508 9.60206 1.1736133099 2.5031692982    1.173  0.436  3.7942  4.200    1  0.000  0.534     0.00     0.00     0.00     0.00     0.00 -1 -1.89e-13      0.00 7.646e-01 2.225e-01 2.274e-03 6.237e-04 5.679e-03 -1.000 1.295e-02 3.679 3.549 3.812 3.126
0.0152 0.01508 9.60206 1.1880568266 2.5052323341    1.187  0.463  3.7934  4.175    1  0.000  0.534     0.00     0.00     0.00     0.00     0.00 -1    -2e-13      0.00 7.640e-01 2.231e-01 2.285e-03 6.257e-04 5.711e-03 -1.000 1.298e-02 3.613 3.482 3.747 3.058
0.0152 0.01508 9.60206 1.1926239729 2.5058727264    1.192  0.480  3.7943  4.163    1  0.000  0.533     0.00     0.00     0.00     0.00     0.00 -1 -2.08e-13      0.00 7.638e-01 2.232e-01 2.289e-03 6.262e-04 5.720e-03 -1.000 1.300e-02 3.570 3.439 3.701 3.017
0.0152 0.01508 9.60206 1.1961252689 2.5063598156    1.195  0.497  3.7957  4.153    1  0.000  0.533     0.00     0.00     0.00     0.00     0.00 -1 -2.17e-13      0.00 7.639e-01 2.231e-01 2.290e-03 6.263e-04 5.724e-03 -1.000 1.301e-02 3.527 3.396 3.655 2.978
0.0152 0.01508 9.60206 1.1983838081 2.5066721439    1.197  0.513  3.7972  4.144    1  0.000  0.533     0.00     0.00     0.00     0.00     0.00 -1 -2.26e-13      0.00 7.640e-01 2.230e-01 2.290e-03 6.261e-04 5.725e-03 -1.000 1.301e-02 3.488 3.357 3.613 2.942
0.0152 0.01508 9.60206 1.1999071836 2.5068821907    1.199  0.529  3.7989  4.136    1  0.000  0.533     0.00     0.00     0.00     0.00     0.00 -1 -2.36e-13      0.00 7.641e-01 2.229e-01 2.289e-03 6.259e-04 5.724e-03 -1.000 1.300e-02 3.448 3.317 3.570 2.907
0.0152 0.01508 9.60206 1.2000000477 2.5068950653    1.199  0.531  3.7991  4.135    1  0.000  0.533     0.00     0.00     0.00     0.00     0.00 -1 -2.37e-13      0.00 7.641e-01 2.229e-01 2.289e-03 6.259e-04 5.724e-03 -1.000 1.300e-02 3.444 3.313 3.565 2.903
0.0152 0.01508 9.60206 1.2025077343 2.5072393417    1.201  0.545  3.8000  4.125    1  0.000  0.533     0.00     0.00     0.00     0.00     0.00 -1 -2.47e-13      0.00 7.640e-01 2.230e-01 2.290e-03 6.261e-04 5.728e-03 -1.000 1.301e-02 3.408 3.277 3.527 2.869
0.0152 0.01508 9.60206 1.2293975353 2.5108299255    1.228  0.623  3.7984  4.050    2  0.000  0.533     0.00     0.00     0.00     0.00     0.00 -1 -3.01e-13      0.00 7.624e-01 2.245e-01 2.304e-03 6.290e-04 5.766e-03 -1.000 1.309e-02 3.213 3.082 3.335 2.671
0.0152 0.01508 9.60206 1.2468116283 2.5130605698    1.246  0.670  3.7954  3.997    2  0.000  0.532     0.00     0.00     0.00     0.00     0.00 -1 -3.41e-13      0.00 7.614e-01 2.255e-01 2.313e-03 6.309e-04 5.791e-03 -1.000 1.313e-02 3.096 2.964 3.223 2.546
0.0152 0.01508 9.60206 1.2500000000 2.5134611130    1.249  0.678  3.7947  3.987    2  0.000  0.532     0.00     0.00     0.00     0.00     0.00 -1 -3.49e-13      0.00 7.612e-01 2.257e-01 2.314e-03 6.312e-04 5.796e-03 -1.000 1.314e-02 3.074 2.942 3.202 2.523
0.0152 0.01508 9.60206 1.2655637264 2.5153837204    1.265  0.716  3.7882  3.929    2  0.000  0.532     0.00     0.00     0.00     0.00     0.00 -1 -3.89e-13      0.00 7.595e-01 2.273e-01 2.327e-03 6.347e-04 5.826e-03 -1.000 1.323e-02 2.981 2.849 3.122 2.415
0.0152 0.01508 9.60206 1.2771161795 2.5167760849    1.276  0.736  3.7788  3.875    2  0.000  0.533     0.00     0.00     0.00     0.00     0.00 -1 -4.22e-13      0.00 7.538e-01 2.328e-01 2.368e-03 6.457e-04 5.924e-03 -1.000 1.346e-02 2.929 2.799 3.091 2.343
0.0152 0.01508 9.60206 1.2869350910 2.5179367065    1.286  0.727  3.7623  3.822    2  0.000  0.534     0.00     0.00     0.00     0.00     0.00 -1 -4.28e-13      0.00 7.397e-01 2.463e-01 2.471e-03 6.731e-04 6.169e-03 -1.000 1.399e-02 2.953 2.833 3.160 2.337
0.0152 0.01508 9.60206 1.2934216261 2.5186924934    1.293  0.694  3.7435  3.782    2  0.000  0.535     0.00     0.00     0.00     0.00     0.00 -1 -4.09e-13      0.00 7.264e-01 2.590e-01 2.574e-03 7.005e-04 6.414e-03 -1.000 1.457e-02 3.036 2.935 3.304 2.397
0.0152 0.01508 9.60206 1.2964694500 2.5190443993    1.296  0.673  3.7320  3.758    2  0.000  0.535     0.00     0.00     0.00     0.00     0.00 -1 -3.97e-13      0.00 7.213e-01 2.639e-01 2.613e-03 7.110e-04 6.508e-03 -1.000 1.478e-02 3.089 3.005 3.398 2.442
0.0152 0.01508 9.60206 1.2982429266 2.5192484856    1.297  0.660  3.7250  3.743    2  0.000  0.535     0.00     0.00     0.00     0.00     0.00 -1  -3.9e-13      0.00 7.187e-01 2.664e-01 2.632e-03 7.162e-04 6.554e-03 -1.000 1.488e-02 3.120 3.049 3.458 2.471
0.0152 0.01508 9.60206 1.2996877432 2.5194141865    1.299  0.657  3.7201  3.727    2  0.000  0.535     0.00     0.00     0.00     0.00     0.00 -1 -3.93e-13      0.00 7.171e-01 2.680e-01 2.643e-03 7.193e-04 6.581e-03 -1.000 1.494e-02 3.126 3.064 3.483 2.476
0.0152 0.01508 9.60206 1.2999999523 2.5194499493    1.299  0.659  3.7193  3.722    2  0.000  0.535     0.00     0.00     0.00     0.00     0.00 -1 -3.96e-13      0.00 7.168e-01 2.683e-01 2.644e-03 7.198e-04 6.584e-03 -1.000 1.495e-02 3.123 3.063 3.484 2.473
0.0152 0.01508 9.60206 1.3050580025 2.5200264454    1.304  0.682  3.7069  3.651    2  0.000  0.535     0.00     0.00     0.00     0.00     0.00 -1 -4.43e-13      0.00 7.127e-01 2.722e-01 2.662e-03 7.259e-04 6.638e-03 -1.000 1.507e-02 3.065 3.033 3.482 2.416
0.0152 0.01508 9.60206 1.3056253195 2.5200908184    1.305  0.688  3.7059  3.641    2  0.000  0.534     0.00     0.00     0.00     0.00     0.00 -1 -4.53e-13      0.00 7.123e-01 2.727e-01 2.663e-03 7.266e-04 6.643e-03 -1.000 1.508e-02 3.050 3.021 3.472 2.402
0.0152 0.01508 9.60206 1.3085429668 2.5204207897    1.308  0.731  3.7026  3.586    3  0.000  0.520     0.00     0.00     0.00     0.00     0.00 -1 -5.28e-13      0.00 7.093e-01 2.756e-01 2.598e-03 7.787e-04 6.659e-03 -1.000 1.512e-02 2.942 2.921 3.380 2.295
0.0152 0.01508 9.60206 1.3113546371 2.5207369328    1.311  0.779  3.7001  3.529    3  0.000  0.488     0.00     0.00     0.00     0.00     0.00 -1 -6.25e-13      0.00 7.059e-01 2.790e-01 2.446e-03 9.406e-04 6.673e-03 -1.000 1.514e-02 2.822 2.807 3.272 2.176
0.0152 0.01508 9.60206 1.3142338991 2.5210592747    1.313  0.834  3.6979  3.465    3  0.000  0.453     0.00     0.00     0.00     0.00     0.00 -1 -7.56e-13      0.00 7.021e-01 2.826e-01 2.272e-03 1.155e-03 6.684e-03 -1.000 1.522e-02 2.684 2.675 3.145 2.039
0.0152 0.01508 9.60206 1.3166685104 2.5213305950    1.316  0.887  3.6961  3.407    3  0.000  0.431     0.00     0.00     0.00     0.00     0.00 -1 -9.04e-13      0.00 6.991e-01 2.856e-01 2.167e-03 1.286e-03 6.691e-03 -1.000 1.524e-02 2.554 2.550 3.024 1.910
0.0152 0.01508 9.60206 1.3189096451 2.5215792656    1.318  0.939  3.6943  3.348    3  0.000  0.418     0.00     0.00     0.00     0.00     0.00 -1 -1.09e-12      0.00 6.966e-01 2.881e-01 2.100e-03 1.371e-03 6.696e-03 -1.000 1.529e-02 2.422 2.423 2.902 1.779
0.0152 0.01508 9.60206 1.3208873272 2.5217978954    1.320  0.991  3.6926  3.290    3  0.000  0.409     0.00     0.00     0.00     0.00     0.00 -1  -1.3e-12      0.00 6.949e-01 2.898e-01 2.059e-03 1.423e-03 6.700e-03 -1.000 1.532e-02 2.294 2.299 2.783 1.652
0.0152 0.01508 9.60206 1.3227449656 2.5220026970    1.322  1.044  3.6907  3.230    3  0.000  0.404     0.00     0.00     0.00     0.00     0.00 -1 -1.56e-12      0.00 6.937e-01 2.910e-01 2.033e-03 1.455e-03 6.702e-03 -1.000 1.535e-02 2.160 2.171 2.660 1.519
0.0152 0.01508 9.60206 1.3242942095 2.5221729279    1.323  1.093  3.6888  3.174    3  0.000  0.401     0.00     0.00     0.00     0.00     0.00 -1 -1.86e-12      0.00 6.930e-01 2.917e-01 2.018e-03 1.474e-03 6.704e-03 -1.000 1.530e-02 2.037 2.054 2.548 1.398
0.0152 0.01508 9.60206 1.3257282972 2.5223300457    1.325  1.143  3.6868  3.117    3  0.000  0.399     0.00     0.00     0.00     0.00     0.00 -1 -2.22e-12      0.00 6.925e-01 2.922e-01 2.009e-03 1.485e-03 6.705e-03 -1.000 1.529e-02 1.913 1.936 2.435 1.275
0.0152 0.01508 9.60206 1.3269836903 2.5224671364    1.326  1.191  3.6848  3.061    3  0.000  0.398     0.00     0.00     0.00     0.00     0.00 -1 -2.63e-12      0.00 6.922e-01 2.924e-01 2.003e-03 1.493e-03 6.706e-03 -1.000 1.532e-02 1.794 1.823 2.327 1.157
0.0152 0.01508 9.60206 1.3280962706 2.5225884914    1.327  1.237  3.6828  3.007    3  0.000  0.397     0.00     0.00     0.00     0.00     0.00 -1 -3.11e-12      0.00 6.921e-01 2.926e-01 2.000e-03 1.497e-03 6.706e-03 -1.000 1.530e-02 1.677 1.713 2.223 1.043
0.0152 0.01508 9.60206 1.3290820122 2.5226960182    1.328  1.282  3.6807  2.954    3  0.000  0.397     0.00     0.00     0.00     0.00     0.00 -1 -3.65e-12      0.00 6.921e-01 2.926e-01 1.998e-03 1.499e-03 6.707e-03 -1.000 1.527e-02 1.564 1.606 2.122 0.932
0.0152 0.01508 9.60206 1.3299570084 2.5227911472    1.329  1.326  3.6787  2.902    3  0.000  0.397     0.00     0.00     0.00     0.00     0.00 -1 -4.28e-12      0.00 6.921e-01 2.926e-01 1.997e-03 1.500e-03 6.707e-03 -1.000 1.527e-02 1.455 1.504 2.025 0.825
0.0152 0.01508 9.60206 1.3307626247 2.5228786469    1.330  1.370  3.6765  2.850    3  0.000  0.397     0.00     0.00     0.00     0.00     0.00 -1 -5.02e-12      0.00 6.921e-01 2.926e-01 1.996e-03 1.501e-03 6.707e-03 -1.000 1.527e-02 1.345 1.401 1.928 0.717
0.0152 0.01508 9.60206 1.3315031528 2.5229587555    1.330  1.414  3.6743  2.798    3  0.000  0.396     0.00     0.00     0.00     0.00     0.00 -1 -5.88e-12      0.00 6.921e-01 2.926e-01 1.995e-03 1.501e-03 6.708e-03 -1.000 1.527e-02 1.236 1.300 1.832 0.611
0.0152 0.01508 9.60206 1.3321580887 2.5230298042    1.331  1.455  3.6722  2.748    3  0.000  0.396     0.00     0.00     0.00     0.00     0.00 -1 -6.82e-12      0.00 6.921e-01 2.926e-01 1.995e-03 1.502e-03 6.708e-03 -1.000 1.527e-02 1.133 1.204 1.743 0.511
0.0152 0.01508 9.60206 1.3327759504 2.5230965614    1.332  1.496  3.6700  2.699    3  0.000  0.396     0.00     0.00     0.00     0.00     0.00 -1 -7.93e-12      0.00 6.921e-01 2.926e-01 1.994e-03 1.503e-03 6.708e-03 -1.000 1.527e-02 1.031 1.109 1.654 0.411
0.0152 0.01508 9.60206 1.3333528042 2.5231590271    1.332  1.532  3.6681  2.655    3  0.000  0.396     0.00     0.00     0.00     0.00     0.00 -1 -9.05e-12      0.00 6.921e-01 2.926e-01 1.994e-03 1.503e-03 6.708e-03 -1.000 1.527e-02 0.940 1.026 1.576 0.323
0.0152 0.01508 9.60206 1.3339496851 2.5232234001    1.333  1.567  3.6662  2.612    3  0.000  0.396     0.00     0.00     0.00     0.00     0.00 -1 -1.03e-11      0.00 6.921e-01 2.926e-01 1.993e-03 1.504e-03 6.709e-03 -1.000 1.527e-02 0.852 0.945 1.500 0.238
0.0152 0.01508 9.60206 1.3344665766 2.5232791901    1.333  1.589  3.6651  2.586    3  0.000  0.396     0.00     0.00     0.00     0.00     0.00 -1 -1.12e-11      0.00 6.921e-01 2.926e-01 1.992e-03 1.504e-03 6.709e-03 -1.000 1.527e-02 0.798 0.896 1.454 0.186
0.0152 0.01508 9.60206 1.3348078728 2.5233159065    1.333  1.572  3.6662  2.608    3  0.000  0.396     0.00     0.00     0.00     0.00     0.00 -1 -1.06e-11      0.00 6.921e-01 2.926e-01 1.992e-03 1.505e-03 6.709e-03 -1.000 1.527e-02 0.841 0.934 1.489 0.227
0.0152 0.01508 9.60206 1.3352813721 2.5233669281    1.334  1.537  3.6686  2.653    3  0.000  0.396     0.00     0.00     0.00     0.00     0.00 -1  -9.3e-12      0.00 6.921e-01 2.926e-01 1.992e-03 1.505e-03 6.709e-03 -1.000 1.527e-02 0.928 1.012 1.560 0.310
0.0152 0.01508 9.60206 1.3353110552 2.5233700275    1.334  1.534  3.6687  2.656    3  0.000  0.396     0.00     0.00     0.00     0.00     0.00 -1  -9.2e-12      0.00 6.921e-01 2.926e-01 1.992e-03 1.505e-03 6.709e-03 -1.000 1.527e-02 0.934 1.018 1.565 0.316
0.0152 0.01508 9.60206 1.3353877068 2.5233783722    1.334  1.540  3.6684  2.648    3  0.000  0.396     0.00     0.00     0.00     0.00     0.00 -1 -9.35e-12      0.00 6.921e-01 2.926e-01 1.992e-03 1.505e-03 6.709e-03 -1.000 1.527e-02 0.919 1.004 1.553 0.302
0.0152 0.01508 9.60206 1.3359043598 2.5234339237    1.334  1.585  3.6658  2.593    3  0.000  0.396     0.00     0.00     0.00     0.00     0.00 -1 -1.09e-11      0.00 6.921e-01 2.926e-01 1.991e-03 1.506e-03 6.709e-03 -1.000 1.527e-02 0.806 0.901 1.457 0.193
0.0152 0.01508 9.60206 1.3364335299 2.5234906673    1.335  1.632  3.6631  2.536    3  0.000  0.395     0.00     0.00     0.00     0.00     0.00 -1 -1.29e-11      0.00 6.922e-01 2.926e-01 1.991e-03 1.507e-03 6.710e-03 -1.000 1.527e-02 0.691 0.796 1.359 0.081
0.0152 0.01508 9.60206 1.3369141817 2.5235424042    1.335  1.677  3.6605  2.481    3  0.000  0.395     0.00     0.00     0.00     0.00     0.00 -1 -1.53e-11      0.00 6.922e-01 2.926e-01 1.990e-03 1.507e-03 6.710e-03 -1.000 1.527e-02 0.579 0.693 1.265 -0.027
0.0152 0.01508 9.60206 1.3373585939 2.5235900879    1.336  1.721  3.6578  2.426    3  0.000  0.395     0.00     0.00     0.00     0.00     0.00 -1  -1.8e-11      0.00 6.922e-01 2.926e-01 1.990e-03 1.507e-03 6.710e-03 -1.000 1.527e-02 0.467 0.593 1.174 -0.135
0.0152 0.01508 9.60206 1.3377710581 2.5236341953    1.336  1.766  3.6551  2.370    3  0.000  0.395     0.00     0.00     0.00     0.00     0.00 -1 -2.13e-11      0.00 6.922e-01 2.926e-01 1.989e-03 1.508e-03 6.710e-03 -1.000 1.527e-02 0.355 0.492 1.083 -0.242
0.0152 0.01508 9.60206 1.3381451368 2.5236744881    1.336  1.810  3.6523  2.315    3  0.000  0.395     0.00     0.00     0.00     0.00     0.00 -1 -2.51e-11      0.00 6.922e-01 2.926e-01 1.989e-03 1.508e-03 6.710e-03 -1.000 1.527e-02 0.245 0.394 0.994 -0.348
0.0152 0.01508 9.60206 1.3384908438 2.5237114429    1.337  1.854  3.6496  2.260    3  0.000  0.395     0.00     0.00     0.00     0.00     0.00 -1 -2.95e-11      0.00 6.922e-01 2.926e-01 1.989e-03 1.509e-03 6.710e-03 -1.000 1.527e-02 0.135 0.296 0.906 -0.454
0.0152 0.01508 9.60206 1.3388166428 2.5237462521    1.337  1.898  3.6467  2.205    3  0.000  0.395     0.00     0.00     0.00     0.00     0.00 -1 -3.49e-11      0.00 6.922e-01 2.926e-01 1.988e-03 1.509e-03 6.711e-03 -1.000 1.527e-02 0.024 0.197 0.819 -0.559
0.0152 0.01508 9.60206 1.3391084671 2.5237774849    1.337  1.942  3.6439  2.150    3  0.000  0.395     0.00     0.00     0.00     0.00     0.00 -1  -4.1e-11      0.00 6.922e-01 2.926e-01 1.988e-03 1.509e-03 6.711e-03 -1.000 1.527e-02 -0.084 0.102 0.734 -0.662
0.0152 0.01508 9.60206 1.3393757343 2.5238060951    1.337  1.985  3.6410  2.096    3  0.000  0.395     0.00     0.00     0.00     0.00     0.00 -1 -4.82e-11      0.00 6.922e-01 2.926e-01 1.988e-03 1.510e-03 6.711e-03 -1.000 1.527e-02 -0.192 0.008 0.650 -0.765
0.0152 0.01508 9.60206 1.3396207094 2.5238323212    1.337  2.028  3.6382  2.041    3  0.000  0.395     0.00     0.00     0.00     0.00     0.00 -1 -5.66e-11      0.00 6.922e-01 2.926e-01 1.987e-03 1.510e-03 6.711e-03 -1.000 1.527e-02 -0.299 -0.085 0.569 -0.865
0.0152 0.01508 9.60206 1.3398500681 2.5238568783    1.337  2.071  3.6352  1.986    3  0.000  0.395     0.00     0.00     0.00     0.00     0.00 -1 -6.66e-11      0.00 6.922e-01 2.925e-01 1.987e-03 1.510e-03 6.711e-03 -1.000 1.527e-02 -0.407 -0.178 0.488 -0.966
0.0152 0.01508 9.60206 1.3400549889 2.5238785744    1.337  2.113  3.6323  1.932    3  0.000  0.395     0.00     0.00     0.00     0.00     0.00 -1 -7.81e-11      0.00 6.922e-01 2.925e-01 1.987e-03 1.510e-03 6.711e-03 -1.000 1.527e-02 -0.512 -0.268 0.408 -1.063
0.0152 0.01508 9.60206 1.3402502537 2.5238995552    1.337  2.156  3.6293  1.877    3  0.000  0.395     0.00     0.00     0.00     0.00     0.00 -1 -9.19e-11      0.00 6.922e-01 2.925e-01 1.987e-03 1.510e-03 6.711e-03 -1.000 1.527e-02 -0.621 -0.360 0.326 -1.162
0.0152 0.01508 9.60206 1.3404248953 2.5239181519    1.337  2.198  3.6263  1.823    3  0.000  0.395     0.00     0.00     0.00     0.00     0.00 -1 -1.08e-10      0.00 6.922e-01 2.925e-01 1.987e-03 1.511e-03 6.711e-03 -1.000 1.527e-02 -0.725 -0.448 0.249 -1.257
0.0152 0.01508 9.60206 1.3405879736 2.5239355564    1.337  2.240  3.6233  1.769    3  0.000  0.395     0.00     0.00     0.00     0.00     0.00 -1 -1.26e-10      0.00 6.922e-01 2.925e-01 1.987e-03 1.511e-03 6.711e-03 -1.000 1.527e-02 -0.830 -0.536 0.171 -1.352
0.0152 0.01508 9.60206 1.3407386541 2.5239515305    1.337  2.282  3.6202  1.715    3  0.000  0.394     0.00     0.00     0.00     0.00     0.00 -1 -1.48e-10      0.00 6.922e-01 2.925e-01 1.986e-03 1.511e-03 6.711e-03 -1.000 1.527e-02 -0.935 -0.624 0.093 -1.447
0.0152 0.01508 9.60206 1.3408776522 2.5239663124    1.337  2.324  3.6172  1.661    3  0.000  0.394     0.00     0.00     0.00     0.00     0.00 -1 -1.74e-10      0.00 6.922e-01 2.925e-01 1.986e-03 1.511e-03 6.711e-03 -1.000 1.527e-02 -1.040 -0.709 0.018 -1.539
0.0152 0.01508 9.60206 1.3410062790 2.5239801407    1.337  2.365  3.6141  1.607    3  0.000  0.394     0.00     0.00     0.00     0.00     0.00 -1 -2.03e-10      0.00 6.922e-01 2.925e-01 1.986e-03 1.511e-03 6.711e-03 -1.000 1.527e-02 -1.144 -0.795 -0.057 -1.632
0.0152 0.01508 9.60206 1.3411245346 2.5239927769    1.337  2.407  3.6110  1.553    3  0.000  0.394     0.00     0.00     0.00     0.00     0.00 -1 -2.38e-10      0.00 6.922e-01 2.925e-01 1.986e-03 1.511e-03 6.711e-03 -1.000 1.527e-02 -1.247 -0.879 -0.132 -1.723
0.0152 0.01508 9.60206 1.3412333727 2.5240042210    1.337  2.447  3.6078  1.500    3  0.000  0.394     0.00     0.00     0.00     0.00     0.00 -1 -2.78e-10      0.00 6.922e-01 2.925e-01 1.986e-03 1.511e-03 6.711e-03 -1.000 1.527e-02 -1.348 -0.960 -0.203 -1.811
0.0152 0.01508 9.60206 1.3413358927 2.5240151882    1.337  2.489  3.6047  1.446    3  0.000  0.394     0.00     0.00     0.00     0.00     0.00 -1 -3.26e-10      0.00 6.922e-01 2.925e-01 1.986e-03 1.512e-03 6.711e-03 -1.000 1.527e-02 -1.452 -1.041 -0.268 -1.903
0.0152 0.01508 9.60206 1.3414278030 2.5240249634    1.336  2.529  3.6015  1.393    3  0.000  0.394     0.00     0.00     0.00     0.00     0.00 -1 -3.79e-10      0.00 6.922e-01 2.925e-01 1.986e-03 1.512e-03 6.712e-03 -1.000 1.527e-02 -1.552 -1.119 -0.330 -1.990
0.0152 0.01508 9.60206 1.3415126801 2.5240340233    1.336  2.568  3.5983  1.341    3  0.000  0.394     0.00     0.00     0.00     0.00     0.00 -1 -4.42e-10      0.00 6.922e-01 2.925e-01 1.986e-03 1.512e-03 6.712e-03 -1.000 1.527e-02 -1.651 -1.193 -0.387 -2.076
0.0152 0.01508 9.60206 1.3415939808 2.5240428448    1.336  2.609  3.5951  1.287    3  0.000  0.394     0.00     0.00     0.00     0.00     0.00 -1 -5.17e-10      0.00 6.922e-01 2.925e-01 1.986e-03 1.512e-03 6.712e-03 -1.000 1.527e-02 -1.752 -1.269 -0.443 -2.164
0.0152 0.01508 9.60206 1.3416663408 2.5240504742    1.335  2.648  3.5919  1.235    3  0.000  0.394     0.00     0.00     0.00     0.00     0.00 -1 -6.01e-10      0.00 6.922e-01 2.925e-01 1.986e-03 1.512e-03 6.712e-03 -1.000 1.527e-02 -1.849 -1.340 -0.495 -2.246
0.0152 0.01508 9.60206 1.3417351246 2.5240578651    1.335  2.687  3.5885  1.183    3  0.000  0.394     0.00     0.00     0.00     0.00     0.00 -1 -6.99e-10      0.00 6.922e-01 2.925e-01 1.985e-03 1.512e-03 6.712e-03 -1.000 1.527e-02 -1.947 -1.409 -0.542 -2.328
0.0152 0.01508 9.60206 1.3418003321 2.5240647793    1.335  2.727  3.5852  1.130    3  0.000  0.394     0.00     0.00     0.00     0.00     0.00 -1 -8.15e-10      0.00 6.922e-01 2.925e-01 1.985e-03 1.512e-03 6.712e-03 -1.000 1.527e-02 -2.046 -1.477 -0.586 -2.410
0.0152 0.01508 9.60206 1.3418585062 2.5240709782    1.334  2.764  3.5819  1.079    3  0.000  0.394     0.00     0.00     0.00     0.00     0.00 -1 -9.44e-10      0.00 6.922e-01 2.925e-01 1.985e-03 1.512e-03 6.712e-03 -1.000 1.527e-02 -2.140 -1.540 -0.625 -2.486
0.0152 0.01508 9.60206 1.3419138193 2.5240767002    1.334  2.802  3.5785  1.027    3  0.000  0.394     0.00     0.00     0.00     0.00     0.00 -1  -1.1e-09      0.00 6.922e-01 2.925e-01 1.985e-03 1.512e-03 6.712e-03 -1.000 1.527e-02 -2.235 -1.600 -0.657 -2.562
0.0152 0.01508 9.60206 1.3419661522 2.5240824223    1.333  2.840  3.5750  0.975    3  0.000  0.394     0.00     0.00     0.00     0.00     0.00 -1 -1.27e-09      0.00 6.922e-01 2.925e-01 1.985e-03 1.512e-03 6.712e-03 -1.000 1.527e-02 -2.331 -1.657 -0.680 -2.635
0.0152 0.01508 9.60206 1.3420258760 2.5240886211    1.332  2.887  3.5707  0.910    3  0.000  0.394     0.00     0.00     0.00     0.00     0.00 -1 -1.53e-09      0.00 6.922e-01 2.925e-01 1.985e-03 1.512e-03 6.712e-03 -1.000 1.527e-02 -2.447 -1.724 -0.704 -2.724
0.0152 0.01508 9.60206 1.3420798779 2.5240945816    1.331  2.932  3.5663  0.847    3  0.000  0.394     0.00     0.00     0.00     0.00     0.00 -1 -1.83e-09      0.00 6.922e-01 2.925e-01 1.985e-03 1.512e-03 6.712e-03 -1.000 1.527e-02 -2.560 -1.778 -0.702 -2.804
0.0152 0.01508 9.60206 1.3421299458 2.5240998268    1.330  2.977  3.5619  0.785    3  0.000  0.394     0.00     0.00     0.00     0.00     0.00 -1 -2.18e-09      0.00 6.922e-01 2.925e-01 1.985e-03 1.512e-03 6.712e-03 -1.000 1.527e-02 -2.672 -1.830 -0.694 -2.881
0.0152 0.01508 9.60206 1.3421763182 2.5241048336    1.329  3.021  3.5574  0.722    3  0.000  0.394     0.00     0.00     0.00     0.00     0.00 -1 -2.61e-09      0.00 6.922e-01 2.925e-01 1.985e-03 1.512e-03 6.712e-03 -1.000 1.527e-02 -2.782 -1.873 -0.667 -2.952
0.0152 0.01508 9.60206 1.3422193527 2.5241093636    1.328  3.064  3.5529  0.660    3  0.000  0.394     0.00     0.00     0.00     0.00     0.00 -1  -3.1e-09      0.00 6.922e-01 2.925e-01 1.985e-03 1.512e-03 6.712e-03 -1.000 1.527e-02 -2.891 -1.910 -0.627 -3.018
0.0152 0.01508 9.60206 1.3422591686 2.5241136551    1.327  3.107  3.5483  0.599    3  0.000  0.394     0.00     0.00     0.00     0.00     0.00 -1 -3.69e-09      0.00 6.922e-01 2.925e-01 1.985e-03 1.512e-03 6.712e-03 -1.000 1.527e-02 -2.999 -1.940 -0.572 -3.078
0.0152 0.01508 9.60206 1.3422967196 2.5241174698    1.325  3.151  3.5437  0.537    3  0.000  0.394     0.00     0.00     0.00     0.00     0.00 -1  -4.4e-09      0.00 6.922e-01 2.925e-01 1.985e-03 1.512e-03 6.712e-03 -1.000 1.527e-02 -3.107 -1.961 -0.495 -3.130
0.0152 0.01508 9.60206 1.3423311710 2.5241212845    1.324  3.193  3.5390  0.475    3  0.000  0.394     0.00     0.00     0.00     0.00     0.00 -1 -5.23e-09      0.00 6.922e-01 2.925e-01 1.985e-03 1.513e-03 6.712e-03 -1.000 1.527e-02 -3.212 -1.976 -0.405 -3.176
0.0152 0.01508 9.60206 1.3423635960 2.5241246223    1.322  3.234  3.5343  0.414    3  0.000  0.394     0.00     0.00     0.00     0.00     0.00 -1 -6.21e-09      0.00 6.922e-01 2.925e-01 1.985e-03 1.513e-03 6.712e-03 -1.000 1.527e-02 -3.316 -1.977 -0.285 -3.210
0.0152 0.01508 9.60206 1.3423939943 2.5241279602    1.320  3.275  3.5295  0.353    3  0.000  0.394     0.00     0.00     0.00     0.00     0.00 -1 -7.37e-09      0.00 6.922e-01 2.925e-01 1.985e-03 1.513e-03 6.712e-03 -1.000 1.527e-02 -3.419 -1.974 -0.158 -3.239
0.0152 0.01508 9.60206 1.3424223661 2.5241308212    1.318  3.316  3.5247  0.293    3  0.000  0.394     0.00     0.00     0.00     0.00     0.00 -1 -8.74e-09      0.00 6.922e-01 2.925e-01 1.985e-03 1.513e-03 6.712e-03 -1.000 1.527e-02 -3.520 -1.949 0.003 -3.245
0.0152 0.01508 9.60206 1.3424484730 2.5241336823    1.315  3.355  3.5199  0.234    3  0.000  0.394     0.00     0.00     0.00     0.00     0.00 -1 -1.03e-08      0.00 6.922e-01 2.925e-01 1.985e-03 1.513e-03 6.712e-03 -1.000 1.527e-02 -3.617 -1.918 0.175 -3.244
0.0152 0.01508 9.60206 1.3424739838 2.5241363049    1.312  3.392  3.5152  0.177    3  0.000  0.394     0.00     0.00     0.00     0.00     0.00 -1 -1.21e-08      0.00 6.922e-01 2.925e-01 1.985e-03 1.513e-03 6.712e-03 -1.000 1.527e-02 -3.710 -1.858 0.385 -3.212
0.0152 0.01508 9.60206 1.3424812555 2.5241372585    1.311  3.402  3.5140  0.162    3  0.000  0.394     0.00     0.00     0.00     0.00     0.00 -1 -1.27e-08      0.00 6.922e-01 2.925e-01 1.985e-03 1.513e-03 6.712e-03 -1.000 1.527e-02 -3.735 -1.842 0.441 -3.204
0.0152 0.01508 9.60206 1.3424812555 2.5241372585    1.311  1.730  3.6731  2.470    4  0.000  0.399     0.00     0.00     0.00     0.00     0.00 -1    -1e-30      0.00 6.880e-01 2.966e-01 2.012e-03 1.517e-03 6.720e-03 -1.000 1.538e-02 0.444 0.512 1.046 -0.179
0.0152 0.01508 9.60206 1.3427935839 2.5241703987    1.312  1.743  3.6722  2.454    4  0.000  0.399     0.00     0.00     0.00     0.00     0.00 -1    -1e-30      0.00 6.880e-01 2.966e-01 2.012e-03 1.518e-03 6.720e-03 -1.000 1.538e-02 0.413 0.484 1.021 -0.208
0.0152 0.01508 9.60206 1.3431177139 2.5242047310    1.312  1.748  3.6719  2.448    4  0.000  0.399     0.00     0.00     0.00     0.00     0.00 -1    -1e-30      0.00 6.880e-01 2.966e-01 2.011e-03 1.518e-03 6.720e-03 -1.000 1.538e-02 0.401 0.472 1.010 -0.221
0.0152 0.01508 9.60206 1.3434435129 2.5242393017    1.312  1.748  3.6721  2.449    4  0.000  0.399     0.00     0.00     0.00     0.00     0.00 -1    -1e-30      0.00 6.880e-01 2.966e-01 2.011e-03 1.519e-03 6.720e-03 -1.000 1.538e-02 0.401 0.472 1.009 -0.221
0.0152 0.01508 9.60206 1.3437706232 2.5242741108    1.313  1.746  3.6724  2.452    4  0.000  0.399     0.00     0.00     0.00     0.00     0.00 -1    -1e-30      0.00 6.880e-01 2.966e-01 2.010e-03 1.519e-03 6.720e-03 -1.000 1.538e-02 0.404 0.474 1.011 -0.218
0.0152 0.01508 9.60206 1.3441053629 2.5243096352    1.313  1.745  3.6728  2.455    4  0.000  0.399     0.00     0.00     0.00     0.00     0.00 -1    -1e-30      0.00 6.880e-01 2.966e-01 2.010e-03 1.520e-03 6.720e-03 -1.000 1.538e-02 0.408 0.477 1.012 -0.214
0.0152 0.01508 9.60206 1.3444294930 2.5243439674    1.313  1.743  3.6732  2.458    4  0.000  0.399     0.00     0.00     0.00     0.00     0.00 -1    -1e-30      0.00 6.880e-01 2.966e-01 2.010e-03 1.520e-03 6.720e-03 -1.000 1.538e-02 0.412 0.480 1.014 -0.211
0.0152 0.01508 9.60206 1.3447582722 2.5243787766    1.314  1.742  3.6735  2.461    4  0.000  0.399     0.00     0.00     0.00     0.00     0.00 -1    -1e-30      0.00 6.880e-01 2.966e-01 2.009e-03 1.520e-03 6.720e-03 -1.000 1.538e-02 0.416 0.482 1.015 -0.207
0.0152 0.01508 9.60206 1.3450855017 2.5244133472    1.314  1.740  3.6738  2.464    4  0.000  0.398     0.00     0.00     0.00     0.00     0.00 -1    -1e-30      0.00 6.880e-01 2.966e-01 2.009e-03 1.521e-03 6.720e-03 -1.000 1.538e-02 0.419 0.484 1.017 -0.204
0.0152 0.01508 9.60206 1.3453965187 2.5244462490    1.315  1.739  3.6741  2.466    4  0.000  0.398     0.00     0.00     0.00     0.00     0.00 -1    -1e-30      0.00 6.880e-01 2.966e-01 2.009e-03 1.521e-03 6.720e-03 -1.000 1.538e-02 0.422 0.486 1.018 -0.201
0.0152 0.01508 9.60206 1.3457020521 2.5244786739    1.315  1.738  3.6744  2.468    4  0.000  0.398     0.00     0.00     0.00     0.00     0.00 -1    -1e-30      0.00 6.880e-01 2.966e-01 2.008e-03 1.522e-03 6.720e-03 -1.000 1.538e-02 0.424 0.487 1.018 -0.200
0.0152 0.01508 9.60206 1.3460271358 2.5245130062    1.315  1.738  3.6747  2.470    4  0.000  0.398     0.00     0.00     0.00     0.00     0.00 -1    -1e-30      0.00 6.880e-01 2.966e-01 2.008e-03 1.522e-03 6.720e-03 -1.000 1.538e-02 0.426 0.488 1.018 -0.198
0.0152 0.01508 9.60206 1.3463367224 2.5245456696    1.316  1.737  3.6749  2.471    4  0.000  0.398     0.00     0.00     0.00     0.00     0.00 -1    -1e-30      0.00 6.880e-01 2.966e-01 2.007e-03 1.523e-03 6.720e-03 -1.000 1.538e-02 0.427 0.489 1.018 -0.197
0.0152 0.01508 9.60206 1.3466469049 2.5245785713    1.316  1.737  3.6751  2.473    4  0.000  0.398     0.00     0.00     0.00     0.00     0.00 -1    -1e-30      0.00 6.880e-01 2.966e-01 2.007e-03 1.523e-03 6.720e-03 -1.000 1.538e-02 0.428 0.489 1.017 -0.197
0.0152 0.01508 9.60206 1.3469878435 2.5246145725    1.316  1.737  3.6753  2.474    4  0.000  0.398     0.00     0.00     0.00     0.00     0.00 -1    -1e-30      0.00 6.880e-01 2.966e-01 2.007e-03 1.523e-03 6.720e-03 -1.000 1.538e-02 0.428 0.489 1.016 -0.196
0.0152 0.01508 9.60206 1.3470257521 2.5246183872    1.316  1.737  3.6753  2.474    4  0.000  0.398     0.00     0.00     0.00     0.00     0.00 -1    -1e-30      0.00 6.880e-01 2.966e-01 2.007e-03 1.523e-03 6.720e-03 -1.000 1.538e-02 0.428 0.489 1.016 -0.196
0.0152 0.01508 9.60206 1.3470619917 2.5246222019    1.316  1.737  3.6754  2.474    4  0.000  0.398     0.00     0.00     0.00     0.00     0.00 -1    -1e-30      0.00 6.880e-01 2.966e-01 2.007e-03 1.524e-03 6.720e-03 -1.000 1.539e-02 0.428 0.488 1.016 -0.196
0.0152 0.01508 9.60206 1.3473924398 2.5246572495    1.317  1.737  3.6755  2.475    4  0.000  0.398     0.00     0.00     0.00     0.00     0.00 -1    -1e-30      0.00 6.880e-01 2.966e-01 2.006e-03 1.524e-03 6.720e-03 -1.000 1.539e-02 0.429 0.488 1.015 -0.196
0.0152 0.01508 9.60206 1.3477241993 2.5246920586    1.317  1.737  3.6757  2.476    4  0.000  0.398     0.00     0.00     0.00     0.00     0.00 -1    -1e-30      0.00 6.880e-01 2.966e-01 2.006e-03 1.524e-03 6.720e-03 -1.000 1.539e-02 0.428 0.487 1.014 -0.197
0.0152 0.01508 9.60206 1.3480520248 2.5247266293    1.318  1.737  3.6758  2.476    4  0.000  0.398     0.00     0.00     0.00     0.00     0.00 -1    -1e-30      0.00 6.880e-01 2.966e-01 2.006e-03 1.525e-03 6.720e-03 -1.000 1.539e-02 0.427 0.486 1.012 -0.198
0.0152 0.01508 9.60206 1.3483945131 2.5247626305    1.318  1.738  3.6759  2.476    4  0.000  0.398     0.00     0.00     0.00     0.00     0.00 -1    -1e-30      0.00 6.880e-01 2.966e-01 2.005e-03 1.525e-03 6.720e-03 -1.000 1.539e-02 0.426 0.484 1.010 -0.200
0.0152 0.01508 9.60206 1.3487346172 2.5247983932    1.318  1.739  3.6760  2.476    4  0.000  0.398     0.00     0.00     0.00     0.00     0.00 -1    -1e-30      0.00 6.880e-01 2.966e-01 2.005e-03 1.526e-03 6.720e-03 -1.000 1.539e-02 0.424 0.481 1.007 -0.202
0.0152 0.01508 9.60206 1.3490802050 2.5248348713    1.319  1.740  3.6760  2.475    4  0.000  0.398     0.00     0.00     0.00     0.00     0.00 -1    -1e-30      0.00 6.880e-01 2.966e-01 2.004e-03 1.526e-03 6.720e-03 -1.000 1.539e-02 0.421 0.478 1.004 -0.205
0.0152 0.01508 9.60206 1.3493798971 2.5248663425    1.319  1.741  3.6760  2.473    4  0.000  0.398     0.00     0.00     0.00     0.00     0.00 -1    -1e-30      0.00 6.880e-01 2.966e-01 2.004e-03 1.527e-03 6.720e-03 -1.000 1.539e-02 0.417 0.475 1.001 -0.208
0.0152 0.01508 9.60206 1.3494184017 2.5248703957    1.319  1.741  3.6760  2.473    4  0.000  0.398     0.00     0.00     0.00     0.00     0.00 -1    -1e-30      0.00 6.880e-01 2.966e-01 2.004e-03 1.527e-03 6.720e-03 -1.000 1.539e-02 0.417 0.475 1.000 -0.209
0.0152 0.01508 9.60206 1.3497279882 2.5249028206    1.319  1.743  3.6759  2.471    4  0.000  0.397     0.00     0.00     0.00     0.00     0.00 -1    -1e-30      0.00 6.880e-01 2.966e-01 2.004e-03 1.527e-03 6.720e-03 -1.000 1.539e-02 0.412 0.470 0.996 -0.213
0.0152 0.01508 9.60206 1.3500436544 2.5249359608    1.320  1.745  3.6758  2.468    4  0.000  0.397     0.00     0.00     0.00     0.00     0.00 -1    -1e-30      0.00 6.880e-01 2.966e-01 2.003e-03 1.528e-03 6.720e-03 -1.000 1.539e-02 0.406 0.465 0.991 -0.219
0.0152 0.01508 9.60206 1.3503656387 2.5249698162    1.320  1.748  3.6756  2.465    4  0.000  0.397     0.00     0.00     0.00     0.00     0.00 -1    -1e-30      0.00 6.880e-01 2.966e-01 2.003e-03 1.528e-03 6.720e-03 -1.000 1.539e-02 0.399 0.458 0.985 -0.226
0.0152 0.01508 9.60206 1.3506772518 2.5250024796    1.321  1.752  3.6754  2.461    4  0.000  0.397     0.00     0.00     0.00     0.00     0.00 -1    -1e-30      0.00 6.880e-01 2.966e-01 2.003e-03 1.528e-03 6.720e-03 -1.000 1.539e-02 0.391 0.451 0.979 -0.234
0.0152 0.01508 9.60206 1.3509966135 2.5250360966    1.321  1.756  3.6751  2.455    4  0.000  0.397     0.00     0.00     0.00     0.00     0.00 -1    -1e-30      0.00 6.880e-01 2.966e-01 2.002e-03 1.529e-03 6.720e-03 -1.000 1.539e-02 0.381 0.441 0.970 -0.244
0.0152 0.01508 9.60206 1.3513090611 2.5250687599    1.321  1.761  3.6747  2.449    4  0.000  0.397     0.00     0.00     0.00     0.00     0.00 -1    -1e-30      0.00 6.880e-01 2.966e-01 2.002e-03 1.529e-03 6.720e-03 -1.000 1.539e-02 0.369 0.431 0.961 -0.256
0.0152 0.01508 9.60206 1.3516167402 2.5251009464    1.322  1.766  3.6742  2.442    4  0.000  0.397     0.00     0.00     0.00     0.00     0.00 -1    -1e-30      0.00 6.880e-01 2.966e-01 2.002e-03 1.530e-03 6.720e-03 -1.000 1.539e-02 0.355 0.419 0.950 -0.269
0.0152 0.01508 9.60206 1.3519307375 2.5251338482    1.322  1.773  3.6736  2.432    4  0.000  0.397     0.00     0.00     0.00     0.00     0.00 -1    -1e-30      0.00 6.880e-01 2.966e-01 2.001e-03 1.530e-03 6.720e-03 -1.000 1.539e-02 0.337 0.403 0.936 -0.287
0.0152 0.01508 9.60206 1.3522495031 2.5251672268    1.322  1.783  3.6728  2.419    4  0.000  0.397     0.00     0.00     0.00     0.00     0.00 -1    -1e-30      0.00 6.880e-01 2.966e-01 2.001e-03 1.530e-03 6.720e-03 -1.000 1.539e-02 0.312 0.381 0.917 -0.310
0.0152 0.01508 9.60206 1.3525753021 2.5252013206    1.323  1.793  3.6719  2.406    4  0.000  0.397     0.00     0.00     0.00     0.00     0.00 -1    -1e-30      0.00 6.880e-01 2.966e-01 2.000e-03 1.531e-03 6.720e-03 -1.000 1.539e-02 0.287 0.359 0.897 -0.335
0.0152 0.01508 9.60206 1.3528912067 2.5252342224    1.323  1.813  3.6700  2.379    4  0.000  0.397     0.00     0.00     0.00     0.00     0.00 -1    -1e-30      0.00 6.880e-01 2.966e-01 2.000e-03 1.531e-03 6.720e-03 -1.000 1.539e-02 0.238 0.316 0.860 -0.383
0.0152 0.01508 9.60206 1.3531272411 2.5252587795    1.323  1.851  3.6666  2.328    4  0.000  0.397     0.00     0.00     0.00     0.00     0.00 -1    -1e-30      0.00 6.880e-01 2.966e-01 2.000e-03 1.532e-03 6.720e-03 -1.000 1.539e-02 0.143 0.234 0.789 -0.473
0.0152 0.01508 9.60206 1.3532460928 2.5252711773    1.323  1.892  3.6630  2.272    4  0.000  0.397     0.00     0.00     0.00     0.00     0.00 -1    -1e-30      0.00 6.880e-01 2.966e-01 2.000e-03 1.532e-03 6.720e-03 -1.000 1.539e-02 0.041 0.145 0.712 -0.571
0.0152 0.01508 9.60206 1.3533076048 2.5252776146    1.323  1.935  3.6592  2.214    4  0.000  0.397     0.00     0.00     0.00     0.00     0.00 -1    -1e-30      0.00 6.880e-01 2.966e-01 2.000e-03 1.532e-03 6.720e-03 -1.000 1.539e-02 -0.066 0.052 0.632 -0.673
0.0152 0.01508 9.60206 1.3533357382 2.5252807140    1.324  1.974  3.6558  2.161    4  0.000  0.397     0.00     0.00     0.00     0.00     0.00 -1    -1e-30      0.00 6.880e-01 2.966e-01 2.000e-03 1.532e-03 6.720e-03 -1.000 1.539e-02 -0.164 -0.031 0.559 -0.766
0.0152 0.01508 9.60206 1.3533513546 2.5252823830    1.324  2.013  3.6524  2.108    4  0.000  0.397     0.00     0.00     0.00     0.00     0.00 -1    -1e-30      0.00 6.880e-01 2.966e-01 2.000e-03 1.532e-03 6.720e-03 -1.000 1.539e-02 -0.264 -0.116 0.486 -0.859
0.0152 0.01508 9.60206 1.3533605337 2.5252833366    1.324  2.052  3.6491  2.056    4  0.000  0.397     0.00     0.00     0.00     0.00     0.00 -1    -1e-30      0.00 6.880e-01 2.966e-01 2.000e-03 1.532e-03 6.720e-03 -1.000 1.539e-02 -0.361 -0.199 0.415 -0.951
0.0152 0.01508 9.60206 1.3533666134 2.5252838135    1.324  2.089  3.6461  2.007    4  0.000  0.397     0.00     0.00     0.00     0.00     0.00 -1    -1e-30      0.00 6.880e-01 2.966e-01 2.000e-03 1.532e-03 6.720e-03 -1.000 1.539e-02 -0.451 -0.276 0.350 -1.036
0.0152 0.01508 9.60206 1.3533673286 2.5252840519    1.324  2.094  3.6456  2.000    7  0.000  0.397     0.00     0.00     0.00     0.00     0.00 -1    -1e-30      0.00 6.880e-01 2.966e-01 2.000e-03 1.532e-03 6.720e-03 -1.000 1.539e-02 -0.465 -0.287 0.340 -1.048
0.0152 0.01508 9.60206 1.3533730507 2.5252845287    1.324  2.136  3.6421  1.944    7  0.000  0.397     0.00     0.00     0.00     0.00     0.00 -1    -1e-30      0.00 6.880e-01 2.966e-01 2.000e-03 1.532e-03 6.720e-03 -1.000 1.539e-02 -0.571 -0.377 0.262 -1.146
0.0152 0.01508 9.60206 1.3533779383 2.5252850056    1.324  2.171  3.6393  1.898    7  0.000  0.397     0.00     0.00     0.00     0.00     0.00 -1    -1e-30      0.00 6.880e-01 2.966e-01 2.000e-03 1.532e-03 6.720e-03 -1.000 1.539e-02 -0.657 -0.449 0.199 -1.225
0.0152 0.01508 9.60206 1.3533825874 2.5252854824    1.324  2.191  3.6376  1.871    7  0.000  0.397     0.00     0.00     0.00     0.00     0.00 -1    -1e-30      0.00 6.880e-01 2.966e-01 2.000e-03 1.532e-03 6.720e-03 -1.000 1.539e-02 -0.708 -0.492 0.163 -1.272
0.0152 0.01508 9.60206 1.3533877134 2.5252859592    1.324  2.207  3.6362  1.849    7  0.000  0.397     0.00     0.00     0.00     0.00     0.00 -1    -1e-30      0.00 6.880e-01 2.966e-01 2.000e-03 1.532e-03 6.720e-03 -1.000 1.539e-02 -0.748 -0.525 0.134 -1.308
0.0152 0.01508 9.60206 1.3534009457 2.5252873898    1.324  2.209  3.6361  1.847    7  0.000  0.397     0.00     0.00     0.00     0.00     0.00 -1 -1.01e-30      0.00 6.880e-01 2.966e-01 1.999e-03 1.532e-03 6.720e-03 -1.000 1.539e-02 -0.753 -0.529 0.130 -1.312
0.0152 0.01508 9.60206 1.3534086943 2.5252883434    1.324  2.192  3.6376  1.870    7  0.000  0.397     0.00     0.00     0.00     0.00     0.00 -1 -1.03e-30      0.00 6.880e-01 2.966e-01 1.999e-03 1.532e-03 6.720e-03 -1.000 1.539e-02 -0.710 -0.494 0.161 -1.274
0.0152 0.01508 9.60206 1.3534256220 2.5252900124    1.324  2.167  3.6396  1.903    7  0.000  0.397     0.00     0.00     0.00     0.00     0.00 -1 -1.12e-30      0.00 6.880e-01 2.966e-01 1.999e-03 1.532e-03 6.720e-03 -1.000 1.539e-02 -0.648 -0.443 0.204 -1.218
0.0152 0.01508 9.60206 1.3534576893 2.5252933502    1.324  2.150  3.6410  1.926    7  0.000  0.397     0.00     0.00     0.00     0.00     0.00 -1 -4.49e-30      0.00 6.880e-01 2.966e-01 1.999e-03 1.532e-03 6.720e-03 -1.000 1.541e-02 -0.606 -0.407 0.235 -1.179
0.0152 0.01508 9.60206 1.3536323309 2.5253114700    1.324  2.141  3.6418  1.938    7  0.000  0.397     0.00     0.00     0.00     0.00     0.00 -1 -1.88e-19      0.00 6.880e-01 2.962e-01 1.999e-03 1.532e-03 6.720e-03 -1.000 1.579e-02 -0.582 -0.386 0.254 -1.156
0.0152 0.01508 9.60206 1.3537960052 2.5253286362    1.324  2.165  3.6398  1.906    7  0.000  0.397     0.00     0.00     0.00     0.00     0.00 -1 -1.31e-10      0.00 6.880e-01 2.959e-01 1.999e-03 1.532e-03 6.720e-03 -1.000 1.611e-02 -0.642 -0.437 0.210 -1.212
0.0152 0.01508 9.60206 1.3539326191 2.5253429413    1.323  2.205  3.6364  1.852    7  0.000  0.397     0.00     0.00     0.00     0.00     0.00 -1 -3.98e-10      0.00 6.880e-01 2.959e-01 1.999e-03 1.533e-03 6.720e-03 -1.000 1.612e-02 -0.742 -0.520 0.139 -1.303
0.0152 0.01508 9.60206 1.3540496826 2.5253551006    1.323  2.247  3.6329  1.796    7  0.000  0.396     0.00     0.00     0.00     0.00     0.00 -1 -4.98e-10      0.00 6.880e-01 2.959e-01 1.999e-03 1.533e-03 6.720e-03 -1.000 1.612e-02 -0.848 -0.607 0.063 -1.398
0.0152 0.01508 9.60206 1.3541470766 2.5253653526    1.322  2.289  3.6294  1.740    7  0.000  0.396     0.00     0.00     0.00     0.00     0.00 -1 -6.14e-10      0.00 6.880e-01 2.959e-01 1.999e-03 1.533e-03 6.720e-03 -1.000 1.612e-02 -0.953 -0.694 -0.013 -1.493
0.0152 0.01508 9.60206 1.3542288542 2.5253736973    1.322  2.330  3.6259  1.685    7  0.000  0.396     0.00     0.00     0.00     0.00     0.00 -1 -7.53e-10      0.00 6.880e-01 2.959e-01 1.999e-03 1.533e-03 6.720e-03 -1.000 1.612e-02 -1.056 -0.778 -0.085 -1.584
0.0152 0.01508 9.60206 1.3542993069 2.5253810883    1.322  2.371  3.6225  1.630    7  0.000  0.396     0.00     0.00     0.00     0.00     0.00 -1 -9.24e-10      0.00 6.880e-01 2.959e-01 1.998e-03 1.533e-03 6.720e-03 -1.000 1.612e-02 -1.158 -0.861 -0.157 -1.675
0.0152 0.01508 9.60206 1.3543605804 2.5253875256    1.321  2.412  3.6191  1.575    7  0.000  0.396     0.00     0.00     0.00     0.00     0.00 -1 -1.13e-09      0.00 6.880e-01 2.959e-01 1.998e-03 1.533e-03 6.720e-03 -1.000 1.612e-02 -1.260 -0.943 -0.228 -1.765
0.0152 0.01508 9.60206 1.3544151783 2.5253932476    1.321  2.453  3.6156  1.521    7  0.000  0.396     0.00     0.00     0.00     0.00     0.00 -1 -1.38e-09      0.00 6.880e-01 2.959e-01 1.998e-03 1.533e-03 6.720e-03 -1.000 1.612e-02 -1.361 -1.023 -0.298 -1.853
0.0152 0.01508 9.60206 1.3544650078 2.5253984928    1.320  2.494  3.6122  1.466    7  0.000  0.396     0.00     0.00     0.00     0.00     0.00 -1 -1.69e-09      0.00 6.880e-01 2.959e-01 1.998e-03 1.533e-03 6.720e-03 -1.000 1.612e-02 -1.464 -1.104 -0.365 -1.944
0.0152 0.01508 9.60206 1.3545107841 2.5254032612    1.319  2.535  3.6086  1.410    7  0.000  0.396     0.00     0.00     0.00     0.00     0.00 -1 -2.07e-09      0.00 6.880e-01 2.959e-01 1.998e-03 1.533e-03 6.720e-03 -1.000 1.612e-02 -1.567 -1.183 -0.427 -2.034
0.0152 0.01508 9.60206 1.3545534611 2.5254075527    1.318  2.576  3.6045  1.352    7  0.000  0.396     0.00     0.00     0.00     0.00     0.00 -1 -2.53e-09      0.00 6.880e-01 2.959e-01 1.998e-03 1.534e-03 6.720e-03 -1.000 1.612e-02 -1.669 -1.257 -0.481 -2.121
0.0152 0.01508 9.60206 1.3545838594 2.5254108906    1.318  2.607  3.5991  1.299    7  0.000  0.396     0.00     0.00     0.00     0.00     0.00 -1 -2.95e-09      0.00 6.880e-01 2.959e-01 1.997e-03 1.534e-03 6.720e-03 -1.000 1.612e-02 -1.748 -1.297 -0.493 -2.177
0.0152 0.01508 9.60206 1.3546218872 2.5254147053    1.317  2.648  3.5949  1.241    7  0.000  0.396     0.00     0.00     0.00     0.00     0.00 -1 -3.57e-09      0.00 6.880e-01 2.959e-01 1.996e-03 1.535e-03 6.720e-03 -1.000 1.612e-02 -1.851 -1.367 -0.539 -2.262
0.0152 0.01508 9.60206 1.3546572924 2.5254185200    1.315  2.689  3.5913  1.185    7  0.000  0.395     0.00     0.00     0.00     0.00     0.00 -1 -4.37e-09      0.00 6.880e-01 2.959e-01 1.993e-03 1.537e-03 6.720e-03 -1.000 1.612e-02 -1.954 -1.440 -0.590 -2.349
0.0152 0.01508 9.60206 1.3546907902 2.5254218578    1.314  2.730  3.5875  1.128    7  0.000  0.395     0.00     0.00     0.00     0.00     0.00 -1 -5.28e-09      0.00 6.880e-01 2.959e-01 1.989e-03 1.542e-03 6.720e-03 -1.000 1.614e-02 -2.056 -1.509 -0.634 -2.432
0.0152 0.01508 9.60206 1.3547246456 2.5254254341    1.312  2.772  3.5837  1.071    7  0.000  0.394     0.00     0.00     0.00     0.00     0.00 -1 -6.44e-09      0.00 6.880e-01 2.959e-01 1.984e-03 1.547e-03 6.720e-03 -1.000 1.614e-02 -2.160 -1.577 -0.675 -2.516
0.0152 0.01508 9.60206 1.3547562361 2.5254287720    1.310  2.813  3.5797  1.013    7  0.000  0.393     0.00     0.00     0.00     0.00     0.00 -1 -7.81e-09      0.00 6.880e-01 2.959e-01 1.980e-03 1.553e-03 6.720e-03 -1.000 1.614e-02 -2.262 -1.642 -0.710 -2.597
0.0152 0.01508 9.60206 1.3547804356 2.5254311562    1.308  2.851  3.5760  0.960    7  0.000  0.392     0.00     0.00     0.00     0.00     0.00 -1 -9.32e-09      0.00 6.880e-01 2.959e-01 1.977e-03 1.557e-03 6.720e-03 -1.000 1.612e-02 -2.357 -1.694 -0.725 -2.668
0.0152 0.01508 9.60206 1.3547958136 2.5254328251    1.307  2.884  3.5726  0.912    7  0.000  0.392     0.00     0.00     0.00     0.00     0.00 -1 -1.09e-08      0.00 6.880e-01 2.959e-01 1.974e-03 1.560e-03 6.720e-03 -1.000 1.612e-02 -2.440 -1.739 -0.736 -2.730
0.0152 0.01508 9.60206 1.3548079729 2.5254340172    1.305  2.916  3.5693  0.867    7  0.000  0.391     0.00     0.00     0.00     0.00     0.00 -1 -1.26e-08      0.00 6.879e-01 2.959e-01 1.971e-03 1.563e-03 6.720e-03 -1.000 1.614e-02 -2.520 -1.779 -0.742 -2.787
0.0152 0.01508 9.60206 1.3548188210 2.5254352093    1.304  2.951  3.5656  0.817    7  0.000  0.391     0.00     0.00     0.00     0.00     0.00 -1 -1.48e-08      0.00 6.879e-01 2.959e-01 1.969e-03 1.566e-03 6.720e-03 -1.000 1.614e-02 -2.608 -1.817 -0.731 -2.847
0.0152 0.01508 9.60206 1.3548289537 2.5254364014    1.303  2.988  3.5616  0.763    7  0.000  0.390     0.00     0.00     0.00     0.00     0.00 -1 -1.74e-08      0.00 6.879e-01 2.959e-01 1.967e-03 1.569e-03 6.720e-03 -1.000 1.614e-02 -2.701 -1.855 -0.716 -2.908
0.0152 0.01508 9.60206 1.3548378944 2.5254371166    1.301  3.024  3.5576  0.711    7  0.000  0.390     0.00     0.00     0.00     0.00     0.00 -1 -2.04e-08      0.00 6.879e-01 2.959e-01 1.966e-03 1.570e-03 6.720e-03 -1.000 1.614e-02 -2.790 -1.885 -0.684 -2.963
0.0152 0.01508 9.60206 1.3548464775 2.5254380703    1.299  3.061  3.5535  0.657    7  0.000  0.390     0.00     0.00     0.00     0.00     0.00 -1 -2.41e-08      0.00 6.879e-01 2.959e-01 1.964e-03 1.572e-03 6.720e-03 -1.000 1.614e-02 -2.883 -1.911 -0.637 -3.015
0.0152 0.01508 9.60206 1.3548555374 2.5254390240    1.297  3.100  3.5489  0.599    7  0.000  0.389     0.00     0.00     0.00     0.00     0.00 -1 -2.88e-08      0.00 6.879e-01 2.959e-01 1.963e-03 1.573e-03 6.720e-03 -1.000 1.614e-02 -2.980 -1.933 -0.577 -3.067
0.0152 0.01508 9.60206 1.3548659086 2.5254402161    1.294  3.144  3.5437  0.533    7  0.000  0.389     0.00     0.00     0.00     0.00     0.00 -1 -3.51e-08      0.00 6.879e-01 2.959e-01 1.963e-03 1.574e-03 6.720e-03 -1.000 1.614e-02 -3.090 -1.945 -0.478 -3.113
0.0152 0.01508 9.60206 1.3548772335 2.5254414082    1.290  3.187  3.5384  0.467    7  0.000  0.389     0.00     0.00     0.00     0.00     0.00 -1 -4.26e-08      0.00 6.879e-01 2.959e-01 1.963e-03 1.574e-03 6.720e-03 -1.000 1.614e-02 -3.198 -1.948 -0.359 -3.152
0.0152 0.01508 9.60206 1.3548880816 2.5254423618    1.285  3.224  3.5336  0.409    7  0.000  0.389     0.00     0.00     0.00     0.00     0.00 -1 -5.01e-08      0.00 6.879e-01 2.959e-01 1.963e-03 1.574e-03 6.720e-03 -1.000 1.614e-02 -3.290 -1.937 -0.228 -3.174
0.0152 0.01508 9.60206 1.3548922539 2.5254428387    1.283  3.212  3.5350  0.426    7  0.000  0.389     0.00     0.00     0.00     0.00     0.00 -1  -4.8e-08      0.00 6.879e-01 2.959e-01 1.963e-03 1.574e-03 6.720e-03 -1.000 1.614e-02 -3.260 -1.937 -0.263 -3.164
0.0152 0.01508 9.60206 1.3548938036 2.5254430771    1.282  3.227  3.5333  0.405    7  0.000  0.389     0.00     0.00     0.00     0.00     0.00 -1 -5.12e-08      0.00 6.879e-01 2.959e-01 1.963e-03 1.574e-03 6.720e-03 -1.000 1.614e-02 -3.296 -1.935 -0.217 -3.175
0.0152 0.01508 9.60206 1.3548940420 2.5254430771    1.282  3.222  3.5338  0.411    7  0.000  0.389     0.00     0.00     0.00     0.00     0.00 -1 -5.03e-08      0.00 6.879e-01 2.959e-01 1.963e-03 1.574e-03 6.720e-03 -1.000 1.614e-02 -3.286 -1.937 -0.233 -3.172
0.0152 0.01508 9.60206 1.3548941612 2.5254430771    1.282  3.209  3.5356  0.432    7  0.000  0.389     0.00     0.00     0.00     0.00     0.00 -1 -4.75e-08      0.00 6.879e-01 2.959e-01 1.963e-03 1.574e-03 6.720e-03 -1.000 1.614e-02 -3.251 -1.940 -0.280 -3.164
0.0152 0.01508 9.60206 1.3548943996 2.5254430771    1.282  3.203  3.5362  0.439    7  0.000  0.389     0.00     0.00     0.00     0.00     0.00 -1 -4.65e-08      0.00 6.879e-01 2.959e-01 1.963e-03 1.574e-03 6.720e-03 -1.000 1.614e-02 -3.238 -1.940 -0.296 -3.160
0.0152 0.01508 9.60206 1.3548946381 2.5254430771    1.282  3.213  3.5350  0.425    7  0.000  0.389     0.00     0.00     0.00     0.00     0.00 -1 -4.84e-08      0.00 6.879e-01 2.959e-01 1.963e-03 1.574e-03 6.720e-03 -1.000 1.614e-02 -3.262 -1.938 -0.264 -3.166
0.0152 0.01508 9.60206 1.3548947573 2.5254430771    1.282  3.222  3.5338  0.411    7  0.000  0.389     0.00     0.00     0.00     0.00     0.00 -1 -5.02e-08      0.00 6.879e-01 2.959e-01 1.963e-03 1.574e-03 6.720e-03 -1.000 1.614e-02 -3.286 -1.936 -0.231 -3.172
0.0152 0.01508 9.60206 1.3548949957 2.5254430771    1.282  3.232  3.5326  0.397    7  0.000  0.389     0.00     0.00     0.00     0.00     0.00 -1 -5.23e-08      0.00 6.879e-01 2.959e-01 1.963e-03 1.574e-03 6.720e-03 -1.000 1.614e-02 -3.309 -1.934 -0.199 -3.177
0.0152 0.01508 9.60206 1.3548953533 2.5254433155    1.282  3.242  3.5313  0.381    7  0.000  0.389     0.00     0.00     0.00     0.00     0.00 -1 -5.45e-08      0.00 6.879e-01 2.959e-01 1.963e-03 1.574e-03 6.720e-03 -1.000 1.614e-02 -3.334 -1.930 -0.162 -3.183
0.0152 0.01508 9.60206 1.3548958302 2.5254433155    1.281  3.256  3.5295  0.359    7  0.000  0.389     0.00     0.00     0.00     0.00     0.00 -1 -5.78e-08      0.00 6.879e-01 2.959e-01 1.963e-03 1.574e-03 6.720e-03 -1.000 1.614e-02 -3.370 -1.923 -0.107 -3.189
0.0152 0.01508 9.60206 1.3548964262 2.5254433155    1.281  3.273  3.5272  0.333    7  0.000  0.389     0.00     0.00     0.00     0.00     0.00 -1 -6.23e-08      0.00 6.879e-01 2.959e-01 1.963e-03 1.574e-03 6.720e-03 -1.000 1.614e-02 -3.413 -1.906 -0.026 -3.186
0.0152 0.01508 9.60206 1.3548972607 2.5254433155    1.280  3.285  3.5255  0.314    7  0.000  0.389     0.00     0.00     0.00     0.00     0.00 -1 -6.57e-08      0.00 6.879e-01 2.959e-01 1.963e-03 1.574e-03 6.720e-03 -1.000 1.614e-02 -3.443 -1.892 0.037 -3.182
0.0152 0.01508 9.60206 1.3548983335 2.5254435539    1.280  3.273  3.5268  0.331    7  0.000  0.389     0.00     0.00     0.00     0.00     0.00 -1 -6.25e-08      0.00 6.879e-01 2.960e-01 1.961e-03 1.576e-03 6.720e-03 -1.000 1.611e-02 -3.413 -1.896 -0.004 -3.178
0.0152 0.01508 9.60206 1.3548998833 2.5254437923    1.279  3.298  3.5231  0.291    7  0.000  0.389     0.00     0.00     0.00     0.00     0.00 -1 -6.93e-08      0.00 6.879e-01 2.960e-01 1.961e-03 1.576e-03 6.720e-03 -1.000 1.611e-02 -3.475 -1.862 0.132 -3.167
0.0152 0.01508 9.60206 1.3549020290 2.5254437923    1.277  3.374  3.5132  0.174    7  0.529  0.389     0.00     0.00     0.00     0.00     0.00 -1  -9.5e-08      0.00 6.879e-01 2.960e-01 1.961e-03 1.576e-03 6.720e-03 -1.000 1.611e-02 -3.666 -1.745 0.562 -3.111
0.0152 0.01508 9.60206 1.3549045324 2.5254442692    1.274  3.421  3.5066  0.100    7  0.528  0.389     0.00     0.00     0.00     0.00     0.00 -1 -1.16e-07      0.00 6.879e-01 2.960e-01 1.961e-03 1.576e-03 6.720e-03 -1.000 1.611e-02 -3.784 -1.659 0.835 -3.060
0.0152 0.01508 9.60206 1.3549046516 2.5254442692    1.274  3.421  3.5066  0.100    8  0.528  0.409   143.71    75.58    48.21    38.06    31.10  1 -1.17e-07      0.00 6.879e-01 2.967e-01 2.069e-03 1.578e-03 6.736e-03 -1.000 1.537e-02 -3.784 -1.659 0.835 -3.060
0.0152 0.01508 9.60206 1.3549047709 2.5254442692    1.274  3.169  3.5393  0.483    8  0.528  0.410    61.55    37.80    24.87    19.44    15.85  2  -4.1e-08      0.00 6.879e-01 2.967e-01 2.069e-03 1.578e-03 6.736e-03 -1.000 1.537e-02 -3.152 -1.922 -0.358 -3.120
0.0152 0.01508 9.60206 1.3549050093 2.5254442692    1.273  3.071  3.5516  0.631    8  0.528  0.410    45.13    28.97    19.29    15.02    12.24  2  -2.7e-08      0.00 6.879e-01 2.967e-01 2.069e-03 1.578e-03 6.736e-03 -1.000 1.537e-02 -2.907 -1.907 -0.601 -3.022
0.0152 0.01508 9.60206 1.3549053669 2.5254442692    1.273  2.882  3.5755  0.914    8  0.528  0.410    25.37    17.34    11.82     9.13     7.43  3 -1.18e-08      0.00 6.879e-01 2.967e-01 2.069e-03 1.578e-03 6.736e-03 -1.000 1.537e-02 -2.436 -1.767 -0.792 -2.744
0.0152 0.01508 9.60206 1.3549059629 2.5254442692    1.272  2.900  3.5730  0.887    8  0.528  0.410    26.80    18.23    12.39     9.58     7.80  3 -1.28e-08      0.00 6.879e-01 2.967e-01 2.069e-03 1.578e-03 6.736e-03 -1.000 1.537e-02 -2.480 -1.784 -0.784 -2.773
0.0152 0.01508 9.60206 1.3549067974 2.5254445076    1.272  3.016  3.5581  0.711    8  0.529  0.410    38.20    25.04    16.78    13.04    10.62  2 -2.13e-08      0.00 6.879e-01 2.967e-01 2.069e-03 1.578e-03 6.736e-03 -1.000 1.537e-02 -2.769 -1.871 -0.678 -2.946
0.0152 0.01508 9.60206 1.3549078703 2.5254445076    1.271  3.174  3.5377  0.471    8  0.529  0.410    63.20    38.64    25.40    19.86    16.20  2 -4.21e-08      0.00 6.879e-01 2.967e-01 2.069e-03 1.578e-03 6.736e-03 -1.000 1.537e-02 -3.165 -1.900 -0.296 -3.109
0.0152 0.01508 9.60206 1.3549090624 2.5254447460    1.269  3.310  3.5201  0.264    8  0.529  0.410    99.18    56.13    36.28    28.52    23.29  2 -7.45e-08      0.00 6.879e-01 2.967e-01 2.069e-03 1.578e-03 6.736e-03 -1.000 1.537e-02 -3.504 -1.812 0.269 -3.136
0.0152 0.01508 9.60206 1.3549103737 2.5254447460    1.268  3.399  3.5083  0.127    8  0.529  0.410   135.08    71.94    45.98    36.28    29.64  1 -1.08e-07      0.00 6.879e-01 2.967e-01 2.069e-03 1.578e-03 6.736e-03 -1.000 1.537e-02 -3.729 -1.655 0.796 -3.048
0.0152 0.01508 9.60206 1.3549120426 2.5254449844    1.266  3.448  3.5017  0.052    8  0.530  0.410   160.46    82.39    52.34    41.39    33.82  1 -1.32e-07      0.00 6.879e-01 2.967e-01 2.069e-03 1.578e-03 6.736e-03 -1.000 1.537e-02 -3.849 -1.572 1.050 -2.996
0.0152 0.01508 9.60206 1.3549138308 2.5254452229    1.264  3.471  3.4981  0.013    8  0.530  0.410   175.33    88.29    55.91    44.26    36.17  1 -1.45e-07      0.00 6.879e-01 2.967e-01 2.069e-03 1.578e-03 6.736e-03 -1.000 1.537e-02 -3.908 -1.519 1.185 -2.959
0.0152 0.01508 9.60206 1.3549158573 2.5254452229    1.262  3.486  3.4969 -0.007    8  0.530  0.409   183.84    91.59    57.90    45.86    37.48  1 -1.56e-07      0.00 6.879e-01 2.967e-01 2.069e-03 1.578e-03 6.736e-03 -1.000 1.537e-02 -3.945 -1.517 1.216 -2.961
0.0152 0.01508 9.60206 1.3549159765 2.5254454613    1.262  3.301  3.5191  0.267    8  0.530  0.410    98.52    55.80    36.07    28.36    23.16  2 -7.27e-08      0.00 6.879e-01 2.967e-01 2.069e-03 1.578e-03 6.736e-03 -1.000 1.537e-02 -3.482 -1.758 0.351 -3.088
0.0152 0.01508 9.60206 1.3549162149 2.5254454613    1.262  3.142  3.5392  0.506    8  0.530  0.410    58.59    36.23    23.88    18.66    15.22  2 -3.74e-08      0.00 6.879e-01 2.967e-01 2.069e-03 1.578e-03 6.736e-03 -1.000 1.537e-02 -3.086 -1.854 -0.290 -3.052
0.0152 0.01508 9.60206 1.3549165726 2.5254454613    1.261  2.953  3.5632  0.791    8  0.531  0.410    32.40    21.63    14.59    11.31     9.21  3 -1.65e-08      0.00 6.879e-01 2.967e-01 2.069e-03 1.578e-03 6.736e-03 -1.000 1.537e-02 -2.612 -1.788 -0.671 -2.832
0.0152 0.01508 9.60206 1.3549171686 2.5254454613    1.260  2.969  3.5611  0.766    8  0.531  0.410    34.08    22.62    15.23    11.82     9.63  3 -1.78e-08      0.00 6.879e-01 2.967e-01 2.069e-03 1.578e-03 6.736e-03 -1.000 1.537e-02 -2.653 -1.801 -0.655 -2.856
0.0152 0.01508 9.60206 1.3549180031 2.5254454613    1.259  3.082  3.5468  0.596    8  0.531  0.410    48.41    30.77    20.43    15.92    12.98  2 -2.91e-08      0.00 6.879e-01 2.967e-01 2.069e-03 1.578e-03 6.736e-03 -1.000 1.537e-02 -2.934 -1.846 -0.446 -2.994
0.0152 0.01508 9.60206 1.3549189568 2.5254456997    1.258  3.235  3.5272  0.363    8  0.531  0.410    79.63    46.84    30.52    23.94    19.53  2 -5.58e-08      0.00 6.879e-01 2.967e-01 2.069e-03 1.578e-03 6.736e-03 -1.000 1.537e-02 -3.318 -1.812 0.065 -3.091
0.0152 0.01508 9.60206 1.3549201488 2.5254456997    1.257  3.367  3.5103  0.164    8  0.531  0.410   123.89    67.10    43.01    33.92    27.70  2 -9.64e-08      0.00 6.879e-01 2.967e-01 2.069e-03 1.578e-03 6.736e-03 -1.000 1.537e-02 -3.646 -1.634 0.761 -3.016
0.0152 0.01508 9.60206 1.3549215794 2.5254459381    1.255  3.452  3.4993  0.034    8  0.532  0.410   166.70    84.83    53.80    42.58    34.79  1 -1.37e-07      0.00 6.879e-01 2.967e-01 2.069e-03 1.578e-03 6.736e-03 -1.000 1.537e-02 -3.859 -1.509 1.169 -2.944
0.0152 0.01508 9.60206 1.3549231291 2.5254461765    1.253  3.496  3.4935 -0.033    8  0.532  0.410   195.10    95.83    60.45    47.93    39.18  1 -1.64e-07      0.00 6.879e-01 2.967e-01 2.069e-03 1.578e-03 6.736e-03 -1.000 1.537e-02 -3.969 -1.444 1.352 -2.901
0.0152 0.01508 9.60206 1.3549249172 2.5254461765    1.251  3.515  3.4909 -0.064    8  0.533  0.410   209.59   101.25    63.71    50.55    41.33  1 -1.78e-07      0.00 6.879e-01 2.967e-01 2.069e-03 1.578e-03 6.736e-03 -1.000 1.537e-02 -4.017 -1.411 1.439 -2.878
0.0152 0.01508 9.60206 1.3549269438 2.5254464149    1.249  3.525  3.4902 -0.078    8  0.533  0.409   216.28   103.70    65.18    51.74    42.30  1 -1.87e-07      0.00 6.879e-01 2.967e-01 2.069e-03 1.578e-03 6.736e-03 -1.000 1.537e-02 -4.042 -1.415 1.451 -2.884
0.0152 0.01508 9.60206 1.3549270630 2.5254464149    1.248  3.348  3.5120  0.187    8  0.533  0.410   117.55    64.30    41.29    32.55    26.58  2 -9.09e-08      0.00 6.879e-01 2.967e-01 2.069e-03 1.578e-03 6.736e-03 -1.000 1.537e-02 -3.599 -1.642 0.697 -3.014
0.0152 0.01508 9.60206 1.3549273014 2.5254464149    1.248  3.190  3.5322  0.425    8  0.533  0.410    69.50    41.81    27.37    21.44    17.49  2 -4.73e-08      0.00 6.879e-01 2.967e-01 2.069e-03 1.578e-03 6.736e-03 -1.000 1.537e-02 -3.205 -1.820 -0.078 -3.066
0.0152 0.01508 9.60206 1.3549277782 2.5254466534    1.247  3.001  3.5564  0.711    8  0.533  0.410    38.04    24.93    16.70    12.99    10.58  2 -2.11e-08      0.00 6.879e-01 2.967e-01 2.069e-03 1.578e-03 6.736e-03 -1.000 1.537e-02 -2.732 -1.807 -0.585 -2.892
0.0152 0.01508 9.60206 1.3549283743 2.5254466534    1.246  3.017  3.5543  0.686    8  0.534  0.410    40.03    26.07    17.43    13.56    11.05  2 -2.27e-08      0.00 6.879e-01 2.967e-01 2.069e-03 1.578e-03 6.736e-03 -1.000 1.537e-02 -2.772 -1.813 -0.554 -2.912
0.0152 0.01508 9.60206 1.3549293280 2.5254466534    1.245  3.127  3.5400  0.518    8  0.534  0.410    56.88    35.31    23.29    18.20    14.84  2 -3.65e-08      0.00 6.879e-01 2.967e-01 2.069e-03 1.578e-03 6.736e-03 -1.000 1.537e-02 -3.048 -1.833 -0.288 -3.026
0.0152 0.01508 9.60206 1.3549304008 2.5254468918    1.244  3.278  3.5204  0.289    8  0.534  0.410    93.50    53.41    34.58    27.19    22.19  2 -6.88e-08      0.00 6.879e-01 2.967e-01 2.069e-03 1.578e-03 6.736e-03 -1.000 1.537e-02 -3.424 -1.740 0.327 -3.062
0.0152 0.01508 9.60206 1.3549317122 2.5254468918    1.242  3.406  3.5037  0.093    8  0.535  0.410   145.27    76.07    48.47    38.31    31.30  1 -1.17e-07      0.00 6.879e-01 2.967e-01 2.069e-03 1.578e-03 6.736e-03 -1.000 1.537e-02 -3.744 -1.534 1.029 -2.948
0.0152 0.01508 9.60206 1.3549331427 2.5254471302    1.240  3.488  3.4927 -0.034    8  0.535  0.410   195.10    95.74    60.38    47.89    39.14  1 -1.64e-07      0.00 6.879e-01 2.967e-01 2.069e-03 1.578e-03 6.736e-03 -1.000 1.537e-02 -3.951 -1.403 1.408 -2.862
0.0152 0.01508 9.60206 1.3549349308 2.5254473686    1.237  3.531  3.4869 -0.101    8  0.535  0.410   227.85   107.82    67.63    53.74    43.94  1 -1.95e-07      0.00 6.879e-01 2.967e-01 2.069e-03 1.578e-03 6.736e-03 -1.000 1.537e-02 -4.056 -1.363 1.524 -2.838
0.0152 0.01508 9.60206 1.3549369574 2.5254476070    1.234  3.548  3.4842 -0.130    8  0.536  0.410   244.20   113.64    71.11    56.55    46.24  1 -2.11e-07      0.00 6.879e-01 2.967e-01 2.069e-03 1.578e-03 6.736e-03 -1.000 1.537e-02 -4.101 -1.353 1.552 -2.833
0.0152 0.01508 9.60206 1.3549391031 2.5254478455    1.231  3.557  3.4843 -0.140    8  0.537  0.409   249.74   115.56    72.25    57.48    47.00  1 -2.21e-07      0.00 6.879e-01 2.967e-01 2.069e-03 1.578e-03 6.736e-03 -1.000 1.537e-02 -4.123 -1.373 1.535 -2.854
0.0152 0.01508 9.60206 1.3549392223 2.5254478455    1.231  3.390  3.5046  0.109    8  0.537  0.410   139.83    73.75    47.05    37.19    30.37  1 -1.12e-07      0.00 6.879e-01 2.967e-01 2.069e-03 1.578e-03 6.736e-03 -1.000 1.537e-02 -3.705 -1.525 1.011 -2.934
0.0152 0.01508 9.60206 1.3549394608 2.5254478455    1.230  3.234  3.5250  0.346    8  0.537  0.410    82.18    48.01    31.23    24.52    20.01  2 -5.91e-08      0.00 6.879e-01 2.967e-01 2.069e-03 1.578e-03 6.736e-03 -1.000 1.537e-02 -3.315 -1.752 0.183 -3.044
0.0152 0.01508 9.60206 1.3549399376 2.5254478455    1.229  3.045  3.5497  0.634    8  0.537  0.410    44.46    28.56    19.01    14.82    12.07  2 -2.67e-08      0.00 6.879e-01 2.967e-01 2.069e-03 1.578e-03 6.736e-03 -1.000 1.537e-02 -2.843 -1.810 -0.471 -2.938
0.0152 0.01508 9.60206 1.3549407721 2.5254478455    1.228  3.061  3.5475  0.608    8  0.537  0.410    46.84    29.87    19.85    15.48    12.61  2 -2.87e-08      0.00 6.879e-01 2.967e-01 2.069e-03 1.578e-03 6.736e-03 -1.000 1.537e-02 -2.882 -1.809 -0.424 -2.951
0.0152 0.01508 9.60206 1.3549417257 2.5254480839    1.226  3.169  3.5332  0.442    8  0.538  0.410    66.62    40.31    26.42    20.70    16.88  2 -4.55e-08      0.00 6.879e-01 2.967e-01 2.069e-03 1.578e-03 6.736e-03 -1.000 1.537e-02 -3.153 -1.790 -0.075 -3.029
0.0152 0.01508 9.60206 1.3549429178 2.5254480839    1.224  3.316  3.5137  0.217    8  0.538  0.410   109.40    60.60    39.00    30.74    25.09  2 -8.42e-08      0.00 6.879e-01 2.967e-01 2.069e-03 1.578e-03 6.736e-03 -1.000 1.537e-02 -3.520 -1.619 0.662 -2.981
0.0152 0.01508 9.60206 1.3549443483 2.5254483223    1.222  3.441  3.4970  0.024    8  0.538  0.410   169.74    85.82    54.37    43.08    35.20  1 -1.41e-07      0.00 6.879e-01 2.967e-01 2.069e-03 1.578e-03 6.736e-03 -1.000 1.537e-02 -3.832 -1.415 1.305 -2.858
0.0152 0.01508 9.60206 1.3549460173 2.5254485607    1.219  3.521  3.4860 -0.102    8  0.539  0.410   227.66   107.61    67.48    53.65    43.85  1 -1.96e-07      0.00 6.879e-01 2.967e-01 2.069e-03 1.578e-03 6.736e-03 -1.000 1.537e-02 -4.034 -1.324 1.565 -2.800
0.0152 0.01508 9.60206 1.3549479246 2.5254485607    1.215  3.562  3.4803 -0.167    8  0.540  0.410   265.64   120.93    75.44    60.08    49.13  1 -2.32e-07      0.00 6.879e-01 2.967e-01 2.069e-03 1.578e-03 6.736e-03 -1.000 1.537e-02 -4.136 -1.306 1.621 -2.794
0.0152 0.01508 9.60206 1.3549500704 2.5254487991    1.211  3.579  3.4777 -0.196    8  0.540  0.410   284.61   127.34    79.24    63.17    51.66  1 -2.51e-07      0.00 6.879e-01 2.967e-01 2.069e-03 1.578e-03 6.736e-03 -1.000 1.537e-02 -4.179 -1.304 1.640 -2.796
0.0152 0.01508 9.60206 1.3549524546 2.5254490376    1.207  3.588  3.4780 -0.204    8  0.541  0.409   290.43   129.25    80.37    64.09    52.41  1 -2.64e-07      0.00 6.879e-01 2.967e-01 2.069e-03 1.578e-03 6.736e-03 -1.000 1.537e-02 -4.200 -1.327 1.620 -2.819
0.0152 0.01508 9.60206 1.3549525738 2.5254492760    1.207  3.433  3.4971  0.027    8  0.541  0.410   168.00    85.04    53.89    42.71    34.89  1 -1.41e-07      0.00 6.879e-01 2.967e-01 2.069e-03 1.578e-03 6.736e-03 -1.000 1.537e-02 -3.812 -1.399 1.317 -2.842
0.0152 0.01508 9.60206 1.3549528122 2.5254492760    1.206  3.279  3.5178  0.264    8  0.541  0.410    98.11    55.42    35.80    28.19    23.01  2 -7.54e-08      0.00 6.879e-01 2.967e-01 2.069e-03 1.578e-03 6.736e-03 -1.000 1.537e-02 -3.426 -1.661 0.488 -2.998
0.0152 0.01508 9.60206 1.3549534082 2.5254492760    1.205  3.090  3.5431  0.553    8  0.542  0.410    52.40    32.86    21.73    16.99    13.84  2 -3.45e-08      0.00 6.879e-01 2.967e-01 2.069e-03 1.578e-03 6.736e-03 -1.000 1.537e-02 -2.956 -1.799 -0.320 -2.971
0.0152 0.01508 9.60206 1.3549541235 2.5254492760    1.203  3.106  3.5409  0.528    8  0.542  0.410    55.27    34.39    22.69    17.75    14.47  2  -3.7e-08      0.00 6.879e-01 2.967e-01 2.069e-03 1.578e-03 6.736e-03 -1.000 1.537e-02 -2.995 -1.796 -0.270 -2.984
0.0152 0.01508 9.60206 1.3549550772 2.5254495144    1.201  3.212  3.5264  0.364    8  0.542  0.410    78.66    46.22    30.10    23.65    19.29  2 -5.79e-08      0.00 6.879e-01 2.967e-01 2.069e-03 1.578e-03 6.736e-03 -1.000 1.537e-02 -3.259 -1.734 0.162 -3.017
0.0152 0.01508 9.60206 1.3549562693 2.5254495144    1.198  3.354  3.5069  0.142    8  0.543  0.410   128.97    69.01    44.13    34.88    28.48  1 -1.05e-07      0.00 6.879e-01 2.967e-01 2.069e-03 1.578e-03 6.736e-03 -1.000 1.537e-02 -3.616 -1.504 0.974 -2.902
0.0152 0.01508 9.60206 1.3549576998 2.5254497528    1.195  3.475  3.4901 -0.048    8  0.543  0.410   199.74    97.16    61.18    48.60    39.71  1 -1.72e-07      0.00 6.879e-01 2.967e-01 2.069e-03 1.578e-03 6.736e-03 -1.000 1.537e-02 -3.919 -1.296 1.561 -2.764
0.0152 0.01508 9.60206 1.3549594879 2.5254499912    1.191  3.553  3.4791 -0.171    8  0.544  0.410   267.59   121.36    75.66    60.31    49.30  1 -2.37e-07      0.00 6.879e-01 2.967e-01 2.069e-03 1.578e-03 6.736e-03 -1.000 1.537e-02 -4.114 -1.266 1.666 -2.755
0.0152 0.01508 9.60206 1.3549613953 2.5254499912    1.186  3.593  3.4733 -0.236    8  0.545  0.410   312.24   136.20    84.46    67.45    55.15  1  -2.8e-07      0.00 6.879e-01 2.967e-01 2.069e-03 1.578e-03 6.736e-03 -1.000 1.537e-02 -4.212 -1.266 1.703 -2.765
0.0152 0.01508 9.60206 1.3549635410 2.5254502296    1.181  3.609  3.4706 -0.265    8  0.546  0.410   334.93   143.43    88.73    70.92    58.00  1 -3.02e-07      0.00 6.879e-01 2.967e-01 2.069e-03 1.578e-03 6.736e-03 -1.000 1.537e-02 -4.254 -1.261 1.724 -2.764
0.0152 0.01508 9.60206 1.3549660444 2.5254504681    1.175  3.618  3.4710 -0.274    8  0.546  0.409   341.65   145.49    89.93    71.91    58.81  1 -3.26e-07      0.00 6.879e-01 2.967e-01 2.069e-03 1.578e-03 6.736e-03 -1.000 1.537e-02 -4.274 -1.284 1.704 -2.787
0.0152 0.01508 9.60206 1.3549661636 2.5254504681    1.175  3.476  3.4888 -0.061    8  0.546  0.410   205.06    98.98    62.25    49.50    40.44  1 -1.81e-07      0.00 6.879e-01 2.967e-01 2.069e-03 1.578e-03 6.736e-03 -1.000 1.537e-02 -3.919 -1.269 1.597 -2.740
0.0152 0.01508 9.60206 1.3549664021 2.5254507065    1.174  3.323  3.5099  0.176    8  0.547  0.410   118.91    64.56    41.40    32.71    26.70  1 -9.82e-08      0.00 6.879e-01 2.967e-01 2.069e-03 1.578e-03 6.736e-03 -1.000 1.537e-02 -3.539 -1.512 0.893 -2.896
0.0152 0.01508 9.60206 1.3549669981 2.5254507065    1.172  3.136  3.5359  0.467    8  0.547  0.410    62.60    38.15    25.04    19.64    16.01  2 -4.55e-08      0.00 6.879e-01 2.967e-01 2.069e-03 1.578e-03 6.736e-03 -1.000 1.537e-02 -3.070 -1.766 -0.119 -2.987
0.0152 0.01508 9.60206 1.3549677134 2.5254507065    1.169  3.152  3.5336  0.441    8  0.547  0.410    66.16    39.95    26.17    20.54    16.74  2 -4.89e-08      0.00 6.879e-01 2.967e-01 2.069e-03 1.578e-03 6.736e-03 -1.000 1.537e-02 -3.109 -1.754 -0.048 -2.991
0.0152 0.01508 9.60206 1.3549686670 2.5254509449    1.166  3.254  3.5190  0.279    8  0.548  0.410    94.31    53.52    34.60    27.27    22.25  2 -7.55e-08      0.00 6.879e-01 2.967e-01 2.069e-03 1.578e-03 6.736e-03 -1.000 1.537e-02 -3.365 -1.639 0.471 -2.969
0.0152 0.01508 9.60206 1.3549699783 2.5254509449    1.162  3.392  3.4993  0.060    8  0.548  0.410   154.51    79.37    50.40    39.96    32.63  1 -1.34e-07      0.00 6.879e-01 2.967e-01 2.069e-03 1.578e-03 6.736e-03 -1.000 1.537e-02 -3.711 -1.367 1.302 -2.801
0.0152 0.01508 9.60206 1.3549714088 2.5254511833    1.157  3.509  3.4824 -0.127    8  0.549  0.410   239.09   111.13    69.51    55.39    45.26  1 -2.16e-07      0.00 6.879e-01 2.967e-01 2.069e-03 1.578e-03 6.736e-03 -1.000 1.537e-02 -4.004 -1.223 1.685 -2.706
0.0152 0.01508 9.60206 1.3549731970 2.5254514217    1.151  3.585  3.4712 -0.249    8  0.549  0.409   320.33   138.40    85.70    68.53    56.03  1 -2.94e-07      0.00 6.879e-01 2.967e-01 2.069e-03 1.578e-03 6.736e-03 -1.000 1.537e-02 -4.192 -1.213 1.765 -2.715
0.0152 0.01508 9.60206 1.3549751043 2.5254514217    1.144  3.623  3.4652 -0.313    8  0.550  0.409   374.38   155.24    95.63    76.61    62.65  1 -3.82e-07      0.00 6.879e-01 2.967e-01 2.069e-03 1.578e-03 6.736e-03 -1.000 1.537e-02 -4.287 -1.219 1.798 -2.729
0.0152 0.01508 9.60206 1.3549773693 2.5254516602    1.137  3.639  3.4624 -0.344    8  0.551  0.409   402.82   163.71   100.59    80.67    65.98  1 -4.62e-07      0.01 6.879e-01 2.967e-01 2.069e-03 1.578e-03 6.736e-03 -1.000 1.537e-02 -4.327 -1.215 1.823 -2.730
0.0152 0.01508 9.60206 1.3549798727 2.5254518986    1.129  3.647  3.4627 -0.353    8  0.552  0.409   411.86   166.27   102.07    81.90    66.98  1 -5.09e-07      0.01 6.879e-01 2.967e-01 2.069e-03 1.578e-03 6.736e-03 -1.000 1.537e-02 -4.347 -1.234 1.808 -2.749
0.0152 0.01508 9.60206 1.3549799919 2.5254518986    1.128  3.518  3.4792 -0.159    8  0.552  0.409   257.10   117.11    73.03    58.30    47.64  1  -2.4e-07      0.00 6.879e-01 2.967e-01 2.069e-03 1.578e-03 6.736e-03 -1.000 1.537e-02 -4.026 -1.183 1.744 -2.672
0.0152 0.01508 9.60206 1.3549802303 2.5254521370    1.127  3.369  3.5008  0.076    8  0.552  0.409   147.89    76.46    48.60    38.56    31.47  1 -1.33e-07      0.00 6.879e-01 2.967e-01 2.069e-03 1.578e-03 6.736e-03 -1.000 1.537e-02 -3.651 -1.354 1.280 -2.781
0.0152 0.01508 9.60206 1.3549807072 2.5254521370    1.124  3.182  3.5277  0.369    8  0.553  0.409    76.57    44.98    29.28    23.05    18.79  2 -6.27e-08      0.00 6.879e-01 2.967e-01 2.069e-03 1.578e-03 6.736e-03 -1.000 1.537e-02 -3.185 -1.692 0.170 -2.968
0.0152 0.01508 9.60206 1.3549815416 2.5254521370    1.120  3.197  3.5252  0.343    8  0.553  0.409    81.18    47.18    30.65    24.15    19.69  2 -6.75e-08      0.00 6.879e-01 2.967e-01 2.069e-03 1.578e-03 6.736e-03 -1.000 1.537e-02 -3.224 -1.666 0.266 -2.957
0.0152 0.01508 9.60206 1.3549824953 2.5254523754    1.115  3.297  3.5103  0.181    8  0.553  0.409   116.16    63.06    40.43    31.99    26.10  1 -1.03e-07      0.00 6.879e-01 2.967e-01 2.069e-03 1.578e-03 6.736e-03 -1.000 1.537e-02 -3.473 -1.460 0.932 -2.842
0.0152 0.01508 9.60206 1.3549836874 2.5254523754    1.108  3.430  3.4903 -0.034    8  0.554  0.409   190.65    93.03    58.60    46.65    38.09  1 -1.78e-07      0.00 6.879e-01 2.967e-01 2.069e-03 1.578e-03 6.736e-03 -1.000 1.537e-02 -3.806 -1.193 1.656 -2.659
0.0152 0.01508 9.60206 1.3549851179 2.5254526138    1.101  3.543  3.4731 -0.219    8  0.555  0.409   295.56   129.72    80.48    64.40    52.63  1 -2.83e-07      0.00 6.879e-01 2.967e-01 2.069e-03 1.578e-03 6.736e-03 -1.000 1.537e-02 -4.088 -1.144 1.820 -2.642
0.0152 0.01508 9.60206 1.3549867868 2.5254526138    1.092  3.616  3.4616 -0.341    8  0.555  0.409   397.21   161.34    99.10    79.58    65.06  1 -4.19e-07      0.01 6.879e-01 2.967e-01 2.069e-03 1.578e-03 6.736e-03 -1.000 1.537e-02 -4.269 -1.152 1.886 -2.667
0.0152 0.01508 9.60206 1.3549886942 2.5254528522    1.082  3.652  3.4553 -0.407    8  0.556  0.409   466.51   181.25   110.73    89.10    72.86  1 -6.35e-07      0.01 6.879e-01 2.967e-01 2.069e-03 1.578e-03 6.736e-03 -1.000 1.537e-02 -4.361 -1.152 1.954 -2.678
0.0152 0.01508 9.60206 1.3549908400 2.5254530907    1.071  3.668  3.4521 -0.440    8  0.557  0.409   505.33   191.83   116.87    94.15    77.00  0 -7.75e-07      0.02 6.879e-01 2.967e-01 2.069e-03 1.578e-03 6.736e-03 -1.000 1.537e-02 -4.400 -1.144 2.001 -2.676
0.0152 0.01508 9.60206 1.3549932241 2.5254533291    1.058  3.676  3.4525 -0.451    8  0.558  0.409   518.88   195.28   118.84    95.81    78.35  0 -8.66e-07      0.02 6.879e-01 2.967e-01 2.069e-03 1.578e-03 6.736e-03 -1.000 1.537e-02 -4.419 -1.158 1.992 -2.691
0.0152 0.01508 9.60206 1.3549933434 2.5254533291    1.057  3.561  3.4673 -0.278    8  0.558  0.409   337.87   142.67    88.06    70.67    57.75  1  -3.4e-07      0.00 6.879e-01 2.967e-01 2.069e-03 1.578e-03 6.736e-03 -1.000 1.537e-02 -4.133 -1.099 1.901 -2.605
0.0152 0.01508 9.60206 1.3549935818 2.5254533291    1.054  3.414  3.4894 -0.043    8  0.559  0.409   192.65    93.27    58.68    46.80    38.20  1 -1.93e-07      0.00 6.879e-01 2.967e-01 2.069e-03 1.578e-03 6.736e-03 -1.000 1.537e-02 -3.764 -1.129 1.730 -2.598
0.0152 0.01508 9.60206 1.3549940586 2.5254535675    1.049  3.228  3.5172  0.252    8  0.559  0.409    97.95    54.66    35.22    27.88    22.72  1 -9.28e-08      0.00 6.879e-01 2.967e-01 2.069e-03 1.578e-03 6.736e-03 -1.000 1.537e-02 -3.300 -1.514 0.655 -2.855
0.0152 0.01508 9.60206 1.3549947739 2.5254535675    1.042  3.243  3.5142  0.222    8  0.559  0.409   104.68    57.63    37.04    29.35    23.92  1 -1.01e-07      0.00 6.879e-01 2.967e-01 2.069e-03 1.578e-03 6.736e-03 -1.000 1.537e-02 -3.338 -1.454 0.812 -2.812
0.0152 0.01508 9.60206 1.3549957275 2.5254535675    1.033  3.340  3.4984  0.058    8  0.560  0.409   151.73    77.30    49.02    39.02    31.83  1 -1.52e-07      0.00 6.879e-01 2.967e-01 2.069e-03 1.578e-03 6.736e-03 -1.000 1.537e-02 -3.579 -1.210 1.474 -2.647
0.0152 0.01508 9.60206 1.3549968004 2.5254538059    1.022  3.468  3.4772 -0.160    8  0.560  0.409   252.60   114.29    71.20    57.02    46.56  1 -2.59e-07      0.00 6.879e-01 2.967e-01 2.069e-03 1.578e-03 6.736e-03 -1.000 1.537e-02 -3.900 -1.030 1.903 -2.521
0.0152 0.01508 9.60206 1.3549982309 2.5254538059    1.008  3.577  3.4587 -0.348    8  0.561  0.409   398.03   160.12    98.21    79.09    64.62  1 -4.08e-07      0.00 6.879e-01 2.967e-01 2.069e-03 1.578e-03 6.736e-03 -1.000 1.537e-02 -4.172 -1.025 2.029 -2.542
0.0152 0.01508 9.60206 1.3549998999 2.5254540443    0.992  3.646  3.4460 -0.476    8  0.562  0.409   544.57   200.71   121.82    98.48    80.50  0 -8.15e-07      0.02 6.879e-01 2.967e-01 2.069e-03 1.578e-03 6.736e-03 -1.000 1.537e-02 -4.345 -1.027 2.187 -2.568
0.0152 0.01508 9.60206 1.3550016880 2.5254542828    0.975  3.681  3.4385 -0.548    8  0.563  0.409   651.92   227.81   137.43   111.38    91.06  0 -1.25e-06      0.04 6.879e-01 2.967e-01 2.069e-03 1.578e-03 6.736e-03 -1.000 1.537e-02 -4.432 -1.006 2.331 -2.565
0.0152 0.01508 9.60206 1.3550038338 2.5254545212    0.955  3.696  3.4342 -0.589    8  0.564  0.409   720.21   243.91   146.62   119.04    97.32  0 -1.57e-06      0.05 6.879e-01 2.967e-01 2.069e-03 1.578e-03 6.736e-03 -1.000 1.537e-02 -4.469 -0.981 2.435 -2.550
0.0152 0.01508 9.60206 1.3550060987 2.5254547596    0.934  3.703  3.4442 -0.566    8  0.565  0.409   676.49   232.67   140.09   113.75    92.98  0 -1.73e-06      0.07 6.879e-01 2.967e-01 2.069e-03 1.578e-03 6.736e-03 -1.000 1.537e-02 -4.488 -1.058 2.251 -2.617
0.0152 0.01508 9.60206 1.3550062180 2.5254547596    0.932  3.602  3.4479 -0.451    8  0.565  0.409   506.42   189.00   114.86    92.99    75.96  0 -6.39e-07      0.01 6.879e-01 2.967e-01 2.069e-03 1.578e-03 6.736e-03 -1.000 1.537e-02 -4.235 -0.948 2.232 -2.485
0.0152 0.01508 9.60206 1.3550064564 2.5254547596    0.926  3.457  3.4717 -0.213    8  0.565  0.409   282.33   122.78    76.07    61.20    49.94  1 -3.29e-07      0.00 6.879e-01 2.967e-01 2.069e-03 1.578e-03 6.736e-03 -1.000 1.537e-02 -3.873 -0.910 2.056 -2.410
0.0152 0.01508 9.60206 1.3550069332 2.5254547596    0.916  3.272  3.5029  0.091    8  0.565  0.409   137.67    70.61    44.84    35.80    29.17  1 -1.66e-07      0.00 6.879e-01 2.967e-01 2.069e-03 1.578e-03 6.736e-03 -1.000 1.537e-02 -3.411 -1.177 1.405 -2.594
0.0152 0.01508 9.60206 1.3550075293 2.5254549980    0.902  3.288  3.5001  0.058    8  0.565  0.409   148.16    74.64    47.26    37.79    30.79  1 -1.85e-07      0.00 6.879e-01 2.967e-01 2.069e-03 1.578e-03 6.736e-03 -1.000 1.537e-02 -3.449 -1.126 1.530 -2.557
0.0152 0.01508 9.60206 1.3550084829 2.5254549980    0.883  3.382  3.4833 -0.112    8  0.566  0.409   219.97   101.00    63.06    50.68    41.32  1 -2.84e-07      0.00 6.879e-01 2.967e-01 2.069e-03 1.578e-03 6.736e-03 -1.000 1.537e-02 -3.684 -0.921 1.981 -2.402
0.0152 0.01508 9.60206 1.3550095558 2.5254549980    0.861  3.506  3.4604 -0.339    8  0.566  0.409   378.67   151.21    92.66    74.99    61.19  0  -4.9e-07      0.01 6.879e-01 2.967e-01 2.069e-03 1.578e-03 6.736e-03 -1.000 1.537e-02 -3.994 -0.859 2.185 -2.375
0.0152 0.01508 9.60206 1.3550108671 2.5254552364    0.835  3.610  3.4406 -0.536    8  0.567  0.409   615.65   214.32   129.20   105.21    85.90  0 -1.01e-06      0.03 6.879e-01 2.967e-01 2.069e-03 1.578e-03 6.736e-03 -1.000 1.537e-02 -4.255 -0.863 2.436 -2.416
0.0152 0.01508 9.60206 1.3550124168 2.5254554749    0.805  3.677  3.4284 -0.668    8  0.568  0.409   855.28   269.28   160.54   131.35   107.27  0 -2.29e-06      0.10 6.879e-01 2.967e-01 2.069e-03 1.578e-03 6.736e-03 -1.000 1.537e-02 -4.423 -0.801 2.765 -2.390
0.0152 0.01508 9.60206 1.3550142050 2.5254554749    0.773  3.711  3.4244 -0.736    8  0.569  0.409  1012.19   301.23   178.51   146.52   119.66  0 -3.69e-06      0.38 6.879e-01 2.967e-01 2.069e-03 1.578e-03 6.736e-03 -1.000 1.537e-02 -4.508 -0.409 3.518 -2.064
0.0152 0.01508 9.60206 1.3550161123 2.5254557133    0.737  3.726  3.4270 -0.760    8  0.570  0.409  1070.41   311.06   183.88   151.26   123.50  0 -4.87e-06      0.51 6.879e-01 2.967e-01 2.069e-03 1.578e-03 6.736e-03 -1.000 1.537e-02 -4.544 -0.256 3.768 -1.936
0.0152 0.01508 9.60206 1.3550183773 2.5254559517    0.700  3.734  3.4839 -0.563    8  0.571  0.409   642.26   214.97   129.06   105.78    86.26  0 -4.76e-06      0.43 6.879e-01 2.967e-01 2.069e-03 1.578e-03 6.736e-03 -1.000 1.537e-02 -4.564 -1.030 2.424 -2.624
0.0152 0.01508 9.60206 1.3550238609 2.5254566669    0.573 -9.999  4.0000  1.582    9  0.573  0.000     0.00     0.00     0.00     0.00     0.00 -1    -1e-30      0.00 6.879e-01 2.967e-01 2.069e-03 1.578e-03 6.736e-03 -1.000 1.537e-02 29.767 29.980 29.970 29.986

