 Zini     MH   logAge Mini        int_IMF         Mass   logL    logTe  logg  label   McoreTP C_O  period0  period1  period2  period3  period4  pmode  Mloss  tau1m   X   Y   Xc  Xn  Xo  Cexcess  Z 	 mbolmag  Gmag    G_BPmag  G_RPmag
0.0152 0.01508 9.69897 0.0900000036 1.0816895962    0.090 -3.424  3.3623  5.217    1  0.000  0.545     0.00     0.00     0.00     0.00     0.00 -1 -3.89e-17      0.00 7.086e-01 2.761e-01 2.746e-03 7.408e-04 6.719e-03 -1.000 1.527e-02 13.330 15.384 18.311 13.892
0.0152 0.01508 9.69897 0.1000000015 1.1711064577    0.100 -3.241  3.3881  5.184    1  0.000  0.545     0.00     0.00     0.00     0.00     0.00 -1 -5.84e-17      0.00 7.084e-01 2.763e-01 2.746e-03 7.408e-04 6.719e-03 -1.000 1.527e-02 12.874 14.926 17.840 13.436
0.0152 0.01508 9.69897 0.1157373935 1.2905555964    0.116 -3.029  3.4160  5.147    1  0.000  0.545     0.00     0.00     0.00     0.00     0.00 -1 -9.23e-17      0.00 7.081e-01 2.766e-01 2.746e-03 7.408e-04 6.719e-03 -1.000 1.527e-02 12.343 14.387 17.276 12.900
0.0152 0.01508 9.69897 0.1200000122 1.3193155527    0.120 -2.977  3.4229  5.138    1  0.000  0.545     0.00     0.00     0.00     0.00     0.00 -1 -1.03e-16      0.00 7.080e-01 2.767e-01 2.746e-03 7.408e-04 6.719e-03 -1.000 1.527e-02 12.212 14.184 16.970 12.714
0.0152 0.01508 9.69897 0.1400000006 1.4384527206    0.140 -2.793  3.4432  5.102    1  0.000  0.545     0.00     0.00     0.00     0.00     0.00 -1 -1.52e-16      0.00 7.076e-01 2.771e-01 2.746e-03 7.408e-04 6.719e-03 -1.000 1.527e-02 11.753 13.449 15.862 12.044
0.0152 0.01508 9.69897 0.1556702703 1.5173085928    0.156 -2.681  3.4540  5.079    1  0.000  0.545     0.00     0.00     0.00     0.00     0.00 -1 -1.92e-16      0.00 7.074e-01 2.774e-01 2.746e-03 7.408e-04 6.719e-03 -1.000 1.527e-02 11.473 13.031 15.258 11.662
0.0152 0.01508 9.69897 0.1599999964 1.5372931957    0.160 -2.652  3.4567  5.073    1  0.000  0.545     0.00     0.00     0.00     0.00     0.00 -1 -2.04e-16      0.00 7.073e-01 2.774e-01 2.746e-03 7.408e-04 6.719e-03 -1.000 1.527e-02 11.401 12.923 15.101 11.564
0.0152 0.01508 9.69897 0.2000000030 1.6938791275    0.200 -2.436  3.4755  5.029    1  0.000  0.545     0.00     0.00     0.00     0.00     0.00 -1 -3.16e-16      0.00 7.067e-01 2.781e-01 2.746e-03 7.408e-04 6.719e-03 -1.000 1.527e-02 10.859 12.163 14.049 10.868
0.0152 0.01508 9.69897 0.2500000000 1.8403258324    0.250 -2.229  3.4919  4.985    1  0.000  0.545     0.00     0.00     0.00     0.00     0.00 -1 -4.77e-16      0.00 7.061e-01 2.787e-01 2.746e-03 7.408e-04 6.719e-03 -1.000 1.527e-02 10.343 11.470 13.125 10.234
0.0152 0.01508 9.69897 0.3000000119 1.9529139996    0.300 -2.067  3.5027  4.945    1  0.000  0.545     0.00     0.00     0.00     0.00     0.00 -1 -4.88e-16      0.00 7.058e-01 2.790e-01 2.746e-03 7.408e-04 6.719e-03 -1.000 1.527e-02 9.938 10.970 12.507 9.768
0.0152 0.01508 9.69897 0.3050968945 1.9630099535    0.305 -2.051  3.5036  4.939    1  0.000  0.545     0.00     0.00     0.00     0.00     0.00 -1 -5.22e-16      0.00 7.062e-01 2.785e-01 2.746e-03 7.408e-04 6.719e-03 -1.000 1.527e-02 9.897 10.920 12.447 9.722
0.0152 0.01508 9.69897 0.3500000238 2.0434176922    0.350 -1.912  3.5113  4.891    1  0.000  0.545     0.00     0.00     0.00     0.00     0.00 -1 -9.31e-16      0.00 7.090e-01 2.757e-01 2.746e-03 7.408e-04 6.719e-03 -1.000 1.527e-02 9.551 10.512 11.963 9.337
0.0152 0.01508 9.69897 0.3710074127 2.0765638351    0.371 -1.850  3.5161  4.874    1  0.000  0.545     0.00     0.00     0.00     0.00     0.00 -1 -1.07e-15      0.00 7.091e-01 2.757e-01 2.746e-03 7.408e-04 6.719e-03 -1.000 1.527e-02 9.394 10.318 11.725 9.158
0.0152 0.01508 9.69897 0.4000000358 2.1185026169    0.400 -1.769  3.5224  4.850    1  0.000  0.545     0.00     0.00     0.00     0.00     0.00 -1 -1.27e-15      0.00 7.091e-01 2.756e-01 2.746e-03 7.408e-04 6.719e-03 -1.000 1.527e-02 9.192 10.069 11.422 8.928
0.0152 0.01508 9.69897 0.4500000477 2.1822810173    0.450 -1.620  3.5345  4.801    1  0.000  0.545     0.00     0.00     0.00     0.00     0.00 -1 -1.79e-15      0.00 7.092e-01 2.755e-01 2.746e-03 7.408e-04 6.719e-03 -1.000 1.527e-02 8.820 9.614 10.874 8.507
0.0152 0.01508 9.69897 0.5000000000 2.2374541759    0.500 -1.464  3.5494  4.751    1  0.000  0.545     0.00     0.00     0.00     0.00     0.00 -1 -2.57e-15      0.00 7.092e-01 2.755e-01 2.746e-03 7.408e-04 6.719e-03 -1.000 1.527e-02 8.430 9.132 10.292 8.066
0.0152 0.01508 9.69897 0.5251870155 2.2619934082    0.525 -1.378  3.5593  4.725    1  0.000  0.545     0.00     0.00     0.00     0.00     0.00 -1 -3.15e-15      0.00 7.149e-01 2.701e-01 2.695e-03 7.272e-04 6.596e-03 -1.000 1.500e-02 8.214 8.855 9.952 7.818
0.0152 0.01508 9.69897 0.5500000119 2.2836582661    0.550 -1.296  3.5686  4.701    1  0.000  0.545     0.00     0.00     0.00     0.00     0.00 -1 -3.82e-15      0.00 7.209e-01 2.644e-01 2.642e-03 7.129e-04 6.467e-03 -1.000 1.470e-02 8.011 8.593 9.633 7.584
0.0152 0.01508 9.69897 0.6000000238 2.3211214542    0.600 -1.129  3.5924  4.667    1  0.000  0.545     0.00     0.00     0.00     0.00     0.00 -1 -5.59e-15      0.00 7.226e-01 2.627e-01 2.627e-03 7.090e-04 6.432e-03 -1.000 1.467e-02 7.593 8.042 8.955 7.100
0.0152 0.01508 9.69897 0.6499999762 2.3520355225    0.650 -0.960  3.6210  4.647    1  0.000  0.545     0.00     0.00     0.00     0.00     0.00 -1  -8.1e-15      0.00 7.243e-01 2.612e-01 2.614e-03 7.054e-04 6.399e-03 -1.000 1.458e-02 7.171 7.481 8.266 6.616
0.0152 0.01508 9.69897 0.7000000477 2.3779268265    0.700 -0.798  3.6504  4.635    1  0.000  0.545     0.00     0.00     0.00     0.00     0.00 -1 -1.15e-14      0.00 7.258e-01 2.597e-01 2.601e-03 7.021e-04 6.370e-03 -1.000 1.446e-02 6.764 6.931 7.584 6.152
0.0152 0.01508 9.69897 0.7287081480 2.3909602165    0.729 -0.707  3.6673  4.629    1  0.000  0.540     0.00     0.00     0.00     0.00     0.00 -1  -1.4e-14      0.00 7.268e-01 2.588e-01 2.573e-03 6.994e-04 6.351e-03 -1.000 1.442e-02 6.537 6.629 7.216 5.898
0.0152 0.01508 9.69897 0.7500000000 2.3998889923    0.750 -0.641  3.6793  4.624    1  0.000  0.537     0.00     0.00     0.00     0.00     0.00 -1 -1.61e-14      0.00 7.275e-01 2.581e-01 2.553e-03 6.975e-04 6.338e-03 -1.000 1.442e-02 6.373 6.417 6.963 5.720
0.0152 0.01508 9.69897 0.7916934490 2.4157845974    0.791 -0.521  3.6976  4.600    1  0.000  0.537     0.00     0.00     0.00     0.00     0.00 -1 -2.13e-14      0.00 7.295e-01 2.562e-01 2.537e-03 6.930e-04 6.299e-03 -1.000 1.433e-02 6.072 6.060 6.550 5.408
0.0152 0.01508 9.69897 0.8000000119 2.4187245369    0.800 -0.497  3.7012  4.595    1  0.000  0.537     0.00     0.00     0.00     0.00     0.00 -1 -2.25e-14      0.00 7.299e-01 2.558e-01 2.534e-03 6.922e-04 6.291e-03 -1.000 1.432e-02 6.013 5.991 6.471 5.348
0.0152 0.01508 9.69897 0.8059350848 2.4207825661    0.806 -0.480  3.7036  4.591    1  0.000  0.537     0.00     0.00     0.00     0.00     0.00 -1 -2.34e-14      0.00 7.302e-01 2.555e-01 2.531e-03 6.914e-04 6.284e-03 -1.000 1.430e-02 5.971 5.942 6.416 5.306
0.0152 0.01508 9.69897 0.8437652588 2.4331219196    0.843 -0.374  3.7190  4.566    1  0.000  0.537     0.00     0.00     0.00     0.00     0.00 -1    -3e-14      0.00 7.323e-01 2.535e-01 2.513e-03 6.869e-04 6.242e-03 -1.000 1.422e-02 5.705 5.641 6.075 5.041
0.0152 0.01508 9.69897 0.8500000238 2.4350347519    0.849 -0.357  3.7214  4.562    1  0.000  0.537     0.00     0.00     0.00     0.00     0.00 -1 -3.13e-14      0.00 7.327e-01 2.531e-01 2.510e-03 6.861e-04 6.235e-03 -1.000 1.421e-02 5.662 5.593 6.021 4.998
0.0152 0.01508 9.69897 0.8597930670 2.4379749298    0.859 -0.330  3.7251  4.554    1  0.000  0.537     0.00     0.00     0.00     0.00     0.00 -1 -3.34e-14      0.00 7.334e-01 2.525e-01 2.505e-03 6.846e-04 6.222e-03 -1.000 1.417e-02 5.594 5.519 5.939 4.931
0.0152 0.01508 9.69897 0.8928137422 2.4473440647    0.892 -0.239  3.7371  4.528    1  0.000  0.537     0.00     0.00     0.00     0.00     0.00 -1 -4.17e-14      0.00 7.357e-01 2.503e-01 2.486e-03 6.794e-04 6.176e-03 -1.000 1.402e-02 5.368 5.272 5.664 4.711
0.0152 0.01508 9.69897 0.9000000358 2.4492788315    0.899 -0.219  3.7396  4.522    1  0.000  0.537     0.00     0.00     0.00     0.00     0.00 -1 -4.37e-14      0.00 7.362e-01 2.498e-01 2.481e-03 6.783e-04 6.166e-03 -1.000 1.401e-02 5.319 5.219 5.605 4.664
0.0152 0.01508 9.69897 0.9022125006 2.4498672485    0.901 -0.213  3.7403  4.520    1  0.000  0.537     0.00     0.00     0.00     0.00     0.00 -1 -4.44e-14      0.00 7.364e-01 2.496e-01 2.480e-03 6.778e-04 6.162e-03 -1.000 1.400e-02 5.304 5.202 5.587 4.649
0.0152 0.01508 9.69897 0.9209694862 2.4547257423    0.920 -0.162  3.7465  4.502    1  0.000  0.536     0.00     0.00     0.00     0.00     0.00 -1 -5.05e-14      0.00 7.381e-01 2.480e-01 2.466e-03 6.741e-04 6.128e-03 -1.000 1.393e-02 5.175 5.068 5.437 4.529
0.0152 0.01508 9.69897 0.9385551214 2.4590787888    0.938 -0.114  3.7520  4.484    1  0.000  0.536     0.00     0.00     0.00     0.00     0.00 -1  -5.7e-14      0.00 7.397e-01 2.464e-01 2.452e-03 6.705e-04 6.096e-03 -1.000 1.386e-02 5.056 4.943 5.299 4.417
0.0152 0.01508 9.69897 0.9500000477 2.4618122578    0.949 -0.083  3.7555  4.473    1  0.000  0.536     0.00     0.00     0.00     0.00     0.00 -1 -6.17e-14      0.00 7.408e-01 2.454e-01 2.443e-03 6.681e-04 6.075e-03 -1.000 1.381e-02 4.978 4.862 5.210 4.345
0.0152 0.01508 9.69897 0.9550313950 2.4629902840    0.954 -0.069  3.7569  4.467    1  0.000  0.536     0.00     0.00     0.00     0.00     0.00 -1 -6.39e-14      0.00 7.414e-01 2.448e-01 2.439e-03 6.668e-04 6.063e-03 -1.000 1.378e-02 4.943 4.826 5.172 4.312
0.0152 0.01508 9.69897 0.9704095125 2.4665036201    0.970 -0.027  3.7612  4.449    1  0.000  0.536     0.00     0.00     0.00     0.00     0.00 -1 -7.14e-14      0.00 7.433e-01 2.430e-01 2.423e-03 6.626e-04 6.025e-03 -1.000 1.373e-02 4.838 4.718 5.054 4.214
0.0152 0.01508 9.69897 0.9849632978 2.4697124958    0.985  0.012  3.7651  4.431    1  0.000  0.536     0.00     0.00     0.00     0.00     0.00 -1 -7.92e-14      0.00 7.452e-01 2.412e-01 2.408e-03 6.584e-04 5.988e-03 -1.000 1.365e-02 4.739 4.616 4.943 4.122
0.0152 0.01508 9.69897 0.9993436933 2.4727780819    0.999  0.052  3.7688  4.413    1  0.000  0.536     0.00     0.00     0.00     0.00     0.00 -1 -8.79e-14      0.00 7.471e-01 2.393e-01 2.392e-03 6.541e-04 5.949e-03 -1.000 1.357e-02 4.641 4.516 4.835 4.031
0.0152 0.01508 9.69897 1.0000000000 2.4729156494    1.000  0.054  3.7690  4.412    1  0.000  0.536     0.00     0.00     0.00     0.00     0.00 -1 -8.83e-14      0.00 7.472e-01 2.392e-01 2.391e-03 6.539e-04 5.948e-03 -1.000 1.357e-02 4.636 4.512 4.830 4.026
0.0152 0.01508 9.69897 1.0143657923 2.4758739471    1.014  0.093  3.7723  4.392    1  0.000  0.536     0.00     0.00     0.00     0.00     0.00 -1 -9.62e-14      0.00 7.498e-01 2.368e-01 2.370e-03 6.483e-04 5.897e-03 -1.000 1.344e-02 4.537 4.411 4.722 3.934
0.0152 0.01508 9.69897 1.0282471180 2.4786422253    1.028  0.131  3.7754  4.372    1  0.000  0.536     0.00     0.00     0.00     0.00     0.00 -1 -1.05e-13      0.00 7.524e-01 2.343e-01 2.348e-03 6.425e-04 5.845e-03 -1.000 1.331e-02 4.442 4.315 4.618 3.845
0.0152 0.01508 9.69897 1.0418342352 2.4812698364    1.041  0.169  3.7782  4.351    1  0.000  0.536     0.00     0.00     0.00     0.00     0.00 -1 -1.14e-13      0.00 7.551e-01 2.318e-01 2.327e-03 6.366e-04 5.793e-03 -1.000 1.316e-02 4.348 4.220 4.517 3.758
0.0152 0.01508 9.69897 1.0499999523 2.4828116894    1.049  0.191  3.7798  4.339    1  0.000  0.535     0.00     0.00     0.00     0.00     0.00 -1  -1.2e-13      0.00 7.567e-01 2.302e-01 2.313e-03 6.330e-04 5.760e-03 -1.000 1.312e-02 4.292 4.163 4.457 3.705
0.0152 0.01508 9.69897 1.0551607609 2.4837718010    1.054  0.205  3.7807  4.330    1  0.000  0.535     0.00     0.00     0.00     0.00     0.00 -1 -1.23e-13      0.00 7.580e-01 2.289e-01 2.302e-03 6.299e-04 5.733e-03 -1.000 1.306e-02 4.257 4.128 4.419 3.672
0.0152 0.01508 9.69897 1.0680423975 2.4861221313    1.067  0.240  3.7827  4.309    1  0.000  0.535     0.00     0.00     0.00     0.00     0.00 -1 -1.33e-13      0.00 7.616e-01 2.255e-01 2.273e-03 6.222e-04 5.663e-03 -1.000 1.294e-02 4.170 4.040 4.327 3.589
0.0152 0.01508 9.69897 1.0804783106 2.4883298874    1.079  0.273  3.7843  4.288    1  0.000  0.535     0.00     0.00     0.00     0.00     0.00 -1 -1.44e-13      0.00 7.651e-01 2.222e-01 2.245e-03 6.147e-04 5.596e-03 -1.000 1.277e-02 4.089 3.959 4.243 3.512
0.0152 0.01508 9.69897 1.0919895172 2.4903221130    1.091  0.302  3.7855  4.268    1  0.000  0.535     0.00     0.00     0.00     0.00     0.00 -1 -1.54e-13      0.00 7.682e-01 2.192e-01 2.220e-03 6.080e-04 5.536e-03 -1.000 1.262e-02 4.015 3.885 4.166 3.441
0.0152 0.01508 9.69897 1.1000000238 2.4916803837    1.099  0.324  3.7864  4.252    1  0.000  0.535     0.00     0.00     0.00     0.00     0.00 -1 -1.62e-13      0.00 7.702e-01 2.173e-01 2.205e-03 6.038e-04 5.498e-03 -1.000 1.253e-02 3.959 3.829 4.109 3.388
0.0152 0.01508 9.69897 1.1087067127 2.4931309223    1.107  0.349  3.7873  4.235    1  0.000  0.534     0.00     0.00     0.00     0.00     0.00 -1 -1.71e-13      0.00 7.709e-01 2.166e-01 2.201e-03 6.032e-04 5.492e-03 -1.000 1.250e-02 3.898 3.768 4.045 3.329
0.0152 0.01508 9.69897 1.1243004799 2.4956643581    1.123  0.395  3.7889  4.201    1  0.000  0.534     0.00     0.00     0.00     0.00     0.00 -1 -1.91e-13      0.00 7.699e-01 2.175e-01 2.214e-03 6.072e-04 5.526e-03 -1.000 1.258e-02 3.783 3.652 3.926 3.217
0.0152 0.01508 9.69897 1.1260888577 2.4959497452    1.125  0.400  3.7891  4.197    1  0.000  0.534     0.00     0.00     0.00     0.00     0.00 -1 -1.94e-13      0.00 7.698e-01 2.176e-01 2.216e-03 6.078e-04 5.531e-03 -1.000 1.259e-02 3.769 3.639 3.912 3.204
0.0152 0.01508 9.69897 1.1373211145 2.4977188110    1.136  0.435  3.7899  4.170    1  0.000  0.534     0.00     0.00     0.00     0.00     0.00 -1 -2.11e-13      0.00 7.688e-01 2.185e-01 2.227e-03 6.111e-04 5.559e-03 -1.000 1.267e-02 3.683 3.553 3.824 3.120
0.0152 0.01508 9.69897 1.1499999762 2.4996678829    1.149  0.475  3.7903  4.137    1  0.000  0.534     0.00     0.00     0.00     0.00     0.00 -1 -2.34e-13      0.00 7.680e-01 2.192e-01 2.237e-03 6.143e-04 5.586e-03 -1.000 1.273e-02 3.583 3.453 3.723 3.021
0.0152 0.01508 9.69897 1.1502453089 2.4997050762    1.149  0.475  3.7903  4.136    1  0.000  0.534     0.00     0.00     0.00     0.00     0.00 -1 -2.34e-13      0.00 7.680e-01 2.193e-01 2.237e-03 6.143e-04 5.587e-03 -1.000 1.273e-02 3.582 3.451 3.721 3.020
0.0152 0.01508 9.69897 1.1577252150 2.5008316040    1.156  0.500  3.7898  4.112    1  0.000  0.534     0.00     0.00     0.00     0.00     0.00 -1 -2.51e-13      0.00 7.672e-01 2.200e-01 2.248e-03 6.168e-04 5.614e-03 -1.000 1.278e-02 3.519 3.388 3.659 2.956
0.0152 0.01508 9.69897 1.1626678705 2.5015666485    1.161  0.521  3.7894  4.092    1  0.000  0.534     0.00     0.00     0.00     0.00     0.00 -1 -2.66e-13      0.00 7.663e-01 2.208e-01 2.258e-03 6.193e-04 5.640e-03 -1.000 1.286e-02 3.468 3.337 3.608 2.904
0.0152 0.01508 9.69897 1.1643576622 2.5018162727    1.163  0.530  3.7894  4.083    1  0.000  0.534     0.00     0.00     0.00     0.00     0.00 -1 -2.74e-13      0.00 7.660e-01 2.211e-01 2.262e-03 6.202e-04 5.650e-03 -1.000 1.287e-02 3.445 3.314 3.585 2.881
0.0152 0.01508 9.69897 1.1682056189 2.5023818016    1.167  0.544  3.7887  4.068    2  0.000  0.534     0.00     0.00     0.00     0.00     0.00 -1 -2.85e-13      0.00 7.652e-01 2.219e-01 2.271e-03 6.226e-04 5.674e-03 -1.000 1.291e-02 3.410 3.279 3.551 2.844
0.0152 0.01508 9.69897 1.1722657681 2.5029737949    1.171  0.557  3.7878  4.053    2  0.000  0.534     0.00     0.00     0.00     0.00     0.00 -1 -2.95e-13      0.00 7.639e-01 2.231e-01 2.283e-03 6.258e-04 5.705e-03 -1.000 1.298e-02 3.379 3.248 3.522 2.811
0.0152 0.01508 9.69897 1.1769906282 2.5036568642    1.176  0.571  3.7868  4.036    2  0.000  0.534     0.00     0.00     0.00     0.00     0.00 -1 -3.08e-13      0.00 7.623e-01 2.246e-01 2.297e-03 6.292e-04 5.739e-03 -1.000 1.307e-02 3.342 3.211 3.488 2.773
0.0152 0.01508 9.69897 1.1830646992 2.5045256615    1.182  0.590  3.7852  4.013    2  0.000  0.534     0.00     0.00     0.00     0.00     0.00 -1 -3.26e-13      0.00 7.609e-01 2.260e-01 2.311e-03 6.325e-04 5.773e-03 -1.000 1.314e-02 3.294 3.163 3.443 2.721
0.0152 0.01508 9.69897 1.1892217398 2.5053961277    1.188  0.611  3.7831  3.986    2  0.000  0.534     0.00     0.00     0.00     0.00     0.00 -1 -3.47e-13      0.00 7.606e-01 2.262e-01 2.315e-03 6.332e-04 5.784e-03 -1.000 1.315e-02 3.243 3.113 3.396 2.665
0.0152 0.01508 9.69897 1.1959283352 2.5063323975    1.195  0.634  3.7800  3.954    2  0.000  0.533     0.00     0.00     0.00     0.00     0.00 -1 -3.74e-13      0.00 7.612e-01 2.257e-01 2.312e-03 6.322e-04 5.779e-03 -1.000 1.313e-02 3.186 3.056 3.345 2.601
0.0152 0.01508 9.69897 1.2000000477 2.5068950653    1.199  0.646  3.7766  3.929    2  0.000  0.534     0.00     0.00     0.00     0.00     0.00 -1 -3.92e-13      0.00 7.558e-01 2.308e-01 2.350e-03 6.421e-04 5.871e-03 -1.000 1.336e-02 3.156 3.027 3.324 2.565
0.0152 0.01508 9.69897 1.2049231529 2.5075693130    1.204  0.657  3.7717  3.900    2  0.000  0.534     0.00     0.00     0.00     0.00     0.00 -1 -4.11e-13      0.00 7.489e-01 2.374e-01 2.400e-03 6.553e-04 5.991e-03 -1.000 1.365e-02 3.128 3.001 3.309 2.527
0.0152 0.01508 9.69897 1.2120721340 2.5085375309    1.211  0.652  3.7571  3.850    2  0.000  0.535     0.00     0.00     0.00     0.00     0.00 -1 -4.25e-13      0.00 7.348e-01 2.510e-01 2.510e-03 6.843e-04 6.254e-03 -1.000 1.423e-02 3.140 3.024 3.363 2.516
0.0152 0.01508 9.69897 1.2156515121 2.5090172291    1.214  0.632  3.7447  3.821    2  0.000  0.535     0.00     0.00     0.00     0.00     0.00 -1 -4.16e-13      0.00 7.273e-01 2.582e-01 2.568e-03 6.997e-04 6.394e-03 -1.000 1.454e-02 3.190 3.088 3.454 2.552
0.0152 0.01508 9.69897 1.2178038359 2.5093042850    1.216  0.613  3.7353  3.803    2  0.000  0.536     0.00     0.00     0.00     0.00     0.00 -1 -4.05e-13      0.00 7.232e-01 2.621e-01 2.599e-03 7.080e-04 6.469e-03 -1.000 1.470e-02 3.237 3.148 3.534 2.592
0.0152 0.01508 9.69897 1.2195942402 2.5095419884    1.218  0.600  3.7270  3.784    2  0.000  0.536     0.00     0.00     0.00     0.00     0.00 -1 -3.99e-13      0.00 7.204e-01 2.648e-01 2.620e-03 7.135e-04 6.518e-03 -1.000 1.480e-02 3.271 3.196 3.601 2.622
0.0152 0.01508 9.69897 1.2212458849 2.5097606182    1.220  0.592  3.7195  3.762    2  0.000  0.536     0.00     0.00     0.00     0.00     0.00 -1 -4.01e-13      0.00 7.184e-01 2.668e-01 2.635e-03 7.173e-04 6.554e-03 -1.000 1.484e-02 3.289 3.228 3.649 2.638
0.0152 0.01508 9.69897 1.2231684923 2.5100142956    1.222  0.597  3.7121  3.728    2  0.000  0.536     0.00     0.00     0.00     0.00     0.00 -1 -4.18e-13      0.00 7.163e-01 2.688e-01 2.648e-03 7.208e-04 6.586e-03 -1.000 1.494e-02 3.276 3.232 3.669 2.626
0.0152 0.01508 9.69897 1.2253205776 2.5102972984    1.224  0.622  3.7061  3.681    2  0.000  0.536     0.00     0.00     0.00     0.00     0.00 -1 -4.62e-13      0.00 7.140e-01 2.710e-01 2.658e-03 7.237e-04 6.612e-03 -1.000 1.499e-02 3.216 3.185 3.637 2.567
0.0152 0.01508 9.69897 1.2261239290 2.5104024410    1.225  0.633  3.7043  3.662    2  0.000  0.536     0.00     0.00     0.00     0.00     0.00 -1 -4.84e-13      0.00 7.132e-01 2.718e-01 2.661e-03 7.247e-04 6.620e-03 -1.000 1.502e-02 3.187 3.160 3.616 2.538
0.0152 0.01508 9.69897 1.2274289131 2.5105731487    1.226  0.658  3.7023  3.629    3  0.000  0.534     0.00     0.00     0.00     0.00     0.00 -1 -5.31e-13      0.00 7.117e-01 2.733e-01 2.657e-03 7.281e-04 6.631e-03 -1.000 1.506e-02 3.124 3.104 3.564 2.477
0.0152 0.01508 9.69897 1.2293258905 2.5108206272    1.228  0.698  3.6997  3.580    3  0.000  0.526     0.00     0.00     0.00     0.00     0.00 -1  -6.1e-13      0.00 7.092e-01 2.757e-01 2.625e-03 7.539e-04 6.646e-03 -1.000 1.509e-02 3.026 3.012 3.478 2.380
0.0152 0.01508 9.69897 1.2312722206 2.5110735893    1.230  0.743  3.6976  3.528    3  0.000  0.507     0.00     0.00     0.00     0.00     0.00 -1 -7.15e-13      0.00 7.061e-01 2.787e-01 2.532e-03 8.424e-04 6.658e-03 -1.000 1.513e-02 2.913 2.905 3.376 2.268
0.0152 0.01508 9.69897 1.2328742743 2.5112810135    1.231  0.783  3.6961  3.482    3  0.000  0.482     0.00     0.00     0.00     0.00     0.00 -1 -8.24e-13      0.00 7.034e-01 2.814e-01 2.412e-03 9.842e-04 6.666e-03 -1.000 1.519e-02 2.813 2.808 3.283 2.169
0.0152 0.01508 9.69897 1.2346549034 2.5115110874    1.233  0.832  3.6946  3.428    3  0.000  0.458     0.00     0.00     0.00     0.00     0.00 -1 -9.76e-13      0.00 7.003e-01 2.845e-01 2.293e-03 1.134e-03 6.674e-03 -1.000 1.521e-02 2.691 2.691 3.170 2.048
0.0152 0.01508 9.69897 1.2360116243 2.5116856098    1.235  0.872  3.6933  3.383    3  0.000  0.445     0.00     0.00     0.00     0.00     0.00 -1 -1.12e-12      0.00 6.981e-01 2.867e-01 2.228e-03 1.216e-03 6.679e-03 -1.000 1.525e-02 2.591 2.594 3.076 1.948
0.0152 0.01508 9.69897 1.2375732660 2.5118861198    1.236  0.922  3.6917  3.327    3  0.000  0.433     0.00     0.00     0.00     0.00     0.00 -1 -1.34e-12      0.00 6.958e-01 2.889e-01 2.171e-03 1.288e-03 6.683e-03 -1.000 1.525e-02 2.466 2.474 2.960 1.824
0.0152 0.01508 9.69897 1.2387132645 2.5120322704    1.237  0.961  3.6904  3.283    3  0.000  0.427     0.00     0.00     0.00     0.00     0.00 -1 -1.54e-12      0.00 6.944e-01 2.903e-01 2.140e-03 1.328e-03 6.686e-03 -1.000 1.526e-02 2.367 2.378 2.868 1.726
0.0152 0.01508 9.69897 1.2400665283 2.5122051239    1.239  1.012  3.6887  3.225    3  0.000  0.421     0.00     0.00     0.00     0.00     0.00 -1 -1.84e-12      0.00 6.931e-01 2.917e-01 2.112e-03 1.363e-03 6.688e-03 -1.000 1.527e-02 2.239 2.256 2.750 1.600
0.0152 0.01508 9.69897 1.2412030697 2.5123500824    1.240  1.059  3.6870  3.172    3  0.000  0.418     0.00     0.00     0.00     0.00     0.00 -1 -2.18e-12      0.00 6.922e-01 2.926e-01 2.095e-03 1.384e-03 6.690e-03 -1.000 1.527e-02 2.122 2.144 2.643 1.484
0.0152 0.01508 9.69897 1.2422842979 2.5124876499    1.241  1.108  3.6851  3.116    3  0.000  0.415     0.00     0.00     0.00     0.00     0.00 -1  -2.6e-12      0.00 6.915e-01 2.932e-01 2.083e-03 1.399e-03 6.691e-03 -1.000 1.527e-02 1.999 2.027 2.531 1.362
0.0152 0.01508 9.69897 1.2432552576 2.5126109123    1.242  1.157  3.6831  3.059    3  0.000  0.413     0.00     0.00     0.00     0.00     0.00 -1 -3.09e-12      0.00 6.911e-01 2.936e-01 2.076e-03 1.409e-03 6.692e-03 -1.000 1.527e-02 1.877 1.912 2.421 1.243
0.0152 0.01508 9.69897 1.2441500425 2.5127241611    1.243  1.206  3.6810  3.002    3  0.000  0.413     0.00     0.00     0.00     0.00     0.00 -1 -3.69e-12      0.00 6.909e-01 2.939e-01 2.072e-03 1.414e-03 6.692e-03 -1.000 1.527e-02 1.754 1.795 2.310 1.121
0.0152 0.01508 9.69897 1.2449153662 2.5128211975    1.243  1.253  3.6789  2.947    3  0.000  0.412     0.00     0.00     0.00     0.00     0.00 -1 -4.37e-12      0.00 6.908e-01 2.939e-01 2.069e-03 1.416e-03 6.693e-03 -1.000 1.527e-02 1.637 1.685 2.206 1.007
0.0152 0.01508 9.69897 1.2456187010 2.5129101276    1.244  1.300  3.6767  2.892    3  0.000  0.412     0.00     0.00     0.00     0.00     0.00 -1 -5.18e-12      0.00 6.907e-01 2.940e-01 2.068e-03 1.418e-03 6.693e-03 -1.000 1.527e-02 1.520 1.576 2.102 0.892
0.0152 0.01508 9.69897 1.2462500334 2.5129897594    1.245  1.346  3.6745  2.837    3  0.000  0.412     0.00     0.00     0.00     0.00     0.00 -1 -6.12e-12      0.00 6.908e-01 2.940e-01 2.068e-03 1.418e-03 6.693e-03 -1.000 1.527e-02 1.405 1.469 2.001 0.780
0.0152 0.01508 9.69897 1.2468303442 2.5130629539    1.245  1.392  3.6723  2.783    3  0.000  0.412     0.00     0.00     0.00     0.00     0.00 -1 -7.23e-12      0.00 6.908e-01 2.940e-01 2.068e-03 1.419e-03 6.693e-03 -1.000 1.527e-02 1.291 1.362 1.901 0.668
0.0152 0.01508 9.69897 1.2473464012 2.5131278038    1.245  1.435  3.6700  2.730    3  0.000  0.412     0.00     0.00     0.00     0.00     0.00 -1  -8.5e-12      0.00 6.908e-01 2.940e-01 2.067e-03 1.419e-03 6.693e-03 -1.000 1.527e-02 1.181 1.260 1.805 0.561
0.0152 0.01508 9.69897 1.2478227615 2.5131878853    1.246  1.479  3.6677  2.678    3  0.000  0.412     0.00     0.00     0.00     0.00     0.00 -1 -9.96e-12      0.00 6.908e-01 2.939e-01 2.067e-03 1.419e-03 6.693e-03 -1.000 1.527e-02 1.073 1.161 1.712 0.457
0.0152 0.01508 9.69897 1.2482705116 2.5132441521    1.246  1.521  3.6654  2.626    3  0.000  0.412     0.00     0.00     0.00     0.00     0.00 -1 -1.17e-11      0.00 6.908e-01 2.939e-01 2.067e-03 1.419e-03 6.694e-03 -1.000 1.527e-02 0.966 1.063 1.620 0.353
0.0152 0.01508 9.69897 1.2487006187 2.5132982731    1.247  1.562  3.6632  2.577    3  0.000  0.412     0.00     0.00     0.00     0.00     0.00 -1 -1.35e-11      0.00 6.908e-01 2.939e-01 2.066e-03 1.420e-03 6.694e-03 -1.000 1.527e-02 0.865 0.970 1.534 0.256
0.0152 0.01508 9.69897 1.2492433786 2.5133664608    1.247  1.600  3.6612  2.531    3  0.000  0.411     0.00     0.00     0.00     0.00     0.00 -1 -1.56e-11      0.00 6.908e-01 2.939e-01 2.066e-03 1.420e-03 6.694e-03 -1.000 1.527e-02 0.770 0.883 1.452 0.164
0.0152 0.01508 9.69897 1.2493559122 2.5133805275    1.247  1.605  3.6609  2.525    3  0.000  0.411     0.00     0.00     0.00     0.00     0.00 -1 -1.59e-11      0.00 6.908e-01 2.939e-01 2.066e-03 1.420e-03 6.694e-03 -1.000 1.527e-02 0.758 0.871 1.442 0.152
0.0152 0.01508 9.69897 1.2495954037 2.5134105682    1.247  1.589  3.6620  2.544    3  0.000  0.411     0.00     0.00     0.00     0.00     0.00 -1 -1.52e-11      0.00 6.908e-01 2.939e-01 2.066e-03 1.420e-03 6.694e-03 -1.000 1.527e-02 0.796 0.906 1.473 0.189
0.0152 0.01508 9.69897 1.2498962879 2.5134482384    1.248  1.552  3.6645  2.593    3  0.000  0.411     0.00     0.00     0.00     0.00     0.00 -1 -1.32e-11      0.00 6.908e-01 2.939e-01 2.066e-03 1.421e-03 6.694e-03 -1.000 1.527e-02 0.891 0.991 1.551 0.280
0.0152 0.01508 9.69897 1.2499910593 2.5134601593    1.248  1.539  3.6653  2.608    3  0.000  0.411     0.00     0.00     0.00     0.00     0.00 -1 -1.26e-11      0.00 6.908e-01 2.939e-01 2.066e-03 1.421e-03 6.694e-03 -1.000 1.527e-02 0.922 1.019 1.576 0.309
0.0152 0.01508 9.69897 1.2500000000 2.5134611130    1.248  1.540  3.6653  2.607    3  0.000  0.411     0.00     0.00     0.00     0.00     0.00 -1 -1.26e-11      0.00 6.908e-01 2.939e-01 2.066e-03 1.421e-03 6.694e-03 -1.000 1.527e-02 0.919 1.016 1.574 0.306
0.0152 0.01508 9.69897 1.2500480413 2.5134673119    1.248  1.546  3.6649  2.600    3  0.000  0.411     0.00     0.00     0.00     0.00     0.00 -1 -1.28e-11      0.00 6.908e-01 2.939e-01 2.066e-03 1.421e-03 6.694e-03 -1.000 1.527e-02 0.904 1.003 1.562 0.292
0.0152 0.01508 9.69897 1.2504258156 2.5135145187    1.248  1.591  3.6623  2.545    3  0.000  0.411     0.00     0.00     0.00     0.00     0.00 -1  -1.5e-11      0.00 6.908e-01 2.939e-01 2.065e-03 1.421e-03 6.694e-03 -1.000 1.527e-02 0.793 0.901 1.467 0.185
0.0152 0.01508 9.69897 1.2508146763 2.5135631561    1.248  1.637  3.6597  2.488    3  0.000  0.411     0.00     0.00     0.00     0.00     0.00 -1 -1.77e-11      0.00 6.908e-01 2.939e-01 2.065e-03 1.421e-03 6.694e-03 -1.000 1.527e-02 0.678 0.796 1.370 0.074
0.0152 0.01508 9.69897 1.2511783838 2.5136086941    1.249  1.682  3.6570  2.432    3  0.000  0.411     0.00     0.00     0.00     0.00     0.00 -1  -2.1e-11      0.00 6.908e-01 2.939e-01 2.065e-03 1.422e-03 6.694e-03 -1.000 1.527e-02 0.564 0.693 1.277 -0.036
0.0152 0.01508 9.69897 1.2515078783 2.5136499405    1.249  1.727  3.6543  2.377    3  0.000  0.411     0.00     0.00     0.00     0.00     0.00 -1 -2.47e-11      0.00 6.908e-01 2.939e-01 2.064e-03 1.422e-03 6.694e-03 -1.000 1.527e-02 0.453 0.594 1.187 -0.143
0.0152 0.01508 9.69897 1.2518196106 2.5136888027    1.249  1.772  3.6515  2.321    3  0.000  0.411     0.00     0.00     0.00     0.00     0.00 -1 -2.93e-11      0.00 6.909e-01 2.939e-01 2.064e-03 1.422e-03 6.694e-03 -1.000 1.527e-02 0.340 0.492 1.095 -0.252
0.0152 0.01508 9.69897 1.2521024942 2.5137240887    1.249  1.817  3.6487  2.265    3  0.000  0.411     0.00     0.00     0.00     0.00     0.00 -1 -3.46e-11      0.00 6.909e-01 2.939e-01 2.064e-03 1.423e-03 6.694e-03 -1.000 1.527e-02 0.228 0.393 1.006 -0.359
0.0152 0.01508 9.69897 1.2523584366 2.5137560368    1.249  1.860  3.6460  2.210    3  0.000  0.411     0.00     0.00     0.00     0.00     0.00 -1 -4.07e-11      0.00 6.909e-01 2.939e-01 2.064e-03 1.423e-03 6.694e-03 -1.000 1.527e-02 0.120 0.297 0.920 -0.462
0.0152 0.01508 9.69897 1.2526016235 2.5137863159    1.250  1.905  3.6431  2.155    3  0.000  0.411     0.00     0.00     0.00     0.00     0.00 -1 -4.81e-11      0.00 6.909e-01 2.939e-01 2.064e-03 1.423e-03 6.694e-03 -1.000 1.527e-02 0.008 0.198 0.833 -0.568
0.0152 0.01508 9.69897 1.2528213263 2.5138137341    1.250  1.948  3.6403  2.100    3  0.000  0.411     0.00     0.00     0.00     0.00     0.00 -1 -5.66e-11      0.00 6.909e-01 2.939e-01 2.063e-03 1.423e-03 6.694e-03 -1.000 1.527e-02 -0.100 0.103 0.748 -0.671
0.0152 0.01508 9.69897 1.2530227900 2.5138390064    1.250  1.992  3.6374  2.045    3  0.000  0.411     0.00     0.00     0.00     0.00     0.00 -1 -6.66e-11      0.00 6.909e-01 2.939e-01 2.063e-03 1.424e-03 6.694e-03 -1.000 1.527e-02 -0.209 0.009 0.666 -0.773
0.0152 0.01508 9.69897 1.2532069683 2.5138618946    1.250  2.035  3.6345  1.990    3  0.000  0.411     0.00     0.00     0.00     0.00     0.00 -1 -7.84e-11      0.00 6.909e-01 2.938e-01 2.063e-03 1.424e-03 6.694e-03 -1.000 1.527e-02 -0.317 -0.083 0.586 -0.874
0.0152 0.01508 9.69897 1.2533789873 2.5138833523    1.250  2.078  3.6315  1.934    3  0.000  0.411     0.00     0.00     0.00     0.00     0.00 -1 -9.24e-11      0.00 6.909e-01 2.938e-01 2.063e-03 1.424e-03 6.694e-03 -1.000 1.527e-02 -0.426 -0.177 0.503 -0.974
0.0152 0.01508 9.69897 1.2535346746 2.5139026642    1.250  2.121  3.6285  1.880    3  0.000  0.411     0.00     0.00     0.00     0.00     0.00 -1 -1.08e-10      0.00 6.909e-01 2.938e-01 2.063e-03 1.424e-03 6.694e-03 -1.000 1.527e-02 -0.532 -0.267 0.422 -1.072
0.0152 0.01508 9.69897 1.2536765337 2.5139203072    1.249  2.163  3.6256  1.826    3  0.000  0.411     0.00     0.00     0.00     0.00     0.00 -1 -1.27e-10      0.00 6.909e-01 2.938e-01 2.063e-03 1.424e-03 6.694e-03 -1.000 1.527e-02 -0.637 -0.356 0.345 -1.167
0.0152 0.01508 9.69897 1.2538113594 2.5139369965    1.249  2.206  3.6225  1.771    3  0.000  0.411     0.00     0.00     0.00     0.00     0.00 -1  -1.5e-10      0.00 6.909e-01 2.938e-01 2.063e-03 1.424e-03 6.694e-03 -1.000 1.527e-02 -0.745 -0.446 0.265 -1.264
0.0152 0.01508 9.69897 1.2539322376 2.5139520168    1.249  2.248  3.6195  1.717    3  0.000  0.411     0.00     0.00     0.00     0.00     0.00 -1 -1.76e-10      0.00 6.909e-01 2.938e-01 2.063e-03 1.424e-03 6.694e-03 -1.000 1.527e-02 -0.849 -0.533 0.187 -1.358
0.0152 0.01508 9.69897 1.2540448904 2.5139660835    1.249  2.290  3.6164  1.663    3  0.000  0.411     0.00     0.00     0.00     0.00     0.00 -1 -2.06e-10      0.00 6.909e-01 2.938e-01 2.062e-03 1.425e-03 6.694e-03 -1.000 1.527e-02 -0.954 -0.619 0.112 -1.451
0.0152 0.01508 9.69897 1.2541495562 2.5139791965    1.249  2.332  3.6133  1.608    3  0.000  0.411     0.00     0.00     0.00     0.00     0.00 -1 -2.41e-10      0.00 6.909e-01 2.938e-01 2.062e-03 1.425e-03 6.694e-03 -1.000 1.527e-02 -1.059 -0.705 0.035 -1.544
0.0152 0.01508 9.69897 1.2542454004 2.5139911175    1.249  2.373  3.6102  1.554    3  0.000  0.411     0.00     0.00     0.00     0.00     0.00 -1 -2.83e-10      0.00 6.909e-01 2.938e-01 2.062e-03 1.425e-03 6.694e-03 -1.000 1.527e-02 -1.163 -0.790 -0.040 -1.636
0.0152 0.01508 9.69897 1.2543340921 2.5140020847    1.248  2.414  3.6071  1.500    3  0.000  0.411     0.00     0.00     0.00     0.00     0.00 -1 -3.31e-10      0.00 6.909e-01 2.938e-01 2.062e-03 1.425e-03 6.694e-03 -1.000 1.527e-02 -1.266 -0.871 -0.111 -1.725
0.0152 0.01508 9.69897 1.2544161081 2.5140123367    1.248  2.455  3.6039  1.447    3  0.000  0.411     0.00     0.00     0.00     0.00     0.00 -1 -3.87e-10      0.00 6.909e-01 2.938e-01 2.062e-03 1.425e-03 6.694e-03 -1.000 1.527e-02 -1.368 -0.952 -0.175 -1.816
0.0152 0.01508 9.69897 1.2544907331 2.5140216351    1.248  2.495  3.6008  1.394    3  0.000  0.411     0.00     0.00     0.00     0.00     0.00 -1 -4.52e-10      0.00 6.909e-01 2.938e-01 2.062e-03 1.425e-03 6.694e-03 -1.000 1.527e-02 -1.469 -1.030 -0.238 -1.904
0.0152 0.01508 9.69897 1.2545617819 2.5140304565    1.247  2.537  3.5975  1.339    3  0.000  0.411     0.00     0.00     0.00     0.00     0.00 -1  -5.3e-10      0.00 6.909e-01 2.938e-01 2.062e-03 1.425e-03 6.694e-03 -1.000 1.527e-02 -1.572 -1.108 -0.296 -1.993
0.0152 0.01508 9.69897 1.2546250820 2.5140383244    1.247  2.576  3.5942  1.287    3  0.000  0.411     0.00     0.00     0.00     0.00     0.00 -1 -6.17e-10      0.00 6.909e-01 2.938e-01 2.062e-03 1.425e-03 6.694e-03 -1.000 1.527e-02 -1.670 -1.180 -0.349 -2.077
0.0152 0.01508 9.69897 1.2546837330 2.5140454769    1.246  2.615  3.5910  1.235    3  0.000  0.411     0.00     0.00     0.00     0.00     0.00 -1 -7.18e-10      0.00 6.909e-01 2.938e-01 2.062e-03 1.425e-03 6.694e-03 -1.000 1.527e-02 -1.768 -1.252 -0.402 -2.161
0.0152 0.01508 9.69897 1.2547399998 2.5140526295    1.246  2.655  3.5877  1.181    3  0.000  0.411     0.00     0.00     0.00     0.00     0.00 -1 -8.38e-10      0.00 6.909e-01 2.938e-01 2.062e-03 1.425e-03 6.694e-03 -1.000 1.527e-02 -1.868 -1.322 -0.449 -2.244
0.0152 0.01508 9.69897 1.2547905445 2.5140588284    1.245  2.694  3.5844  1.129    3  0.000  0.411     0.00     0.00     0.00     0.00     0.00 -1 -9.74e-10      0.00 6.909e-01 2.938e-01 2.062e-03 1.425e-03 6.694e-03 -1.000 1.527e-02 -1.964 -1.387 -0.490 -2.323
0.0152 0.01508 9.69897 1.2548383474 2.5140647888    1.245  2.732  3.5810  1.077    3  0.000  0.411     0.00     0.00     0.00     0.00     0.00 -1 -1.13e-09      0.00 6.909e-01 2.938e-01 2.062e-03 1.425e-03 6.694e-03 -1.000 1.527e-02 -2.060 -1.452 -0.532 -2.402
0.0152 0.01508 9.69897 1.2548835278 2.5140702724    1.244  2.771  3.5776  1.024    3  0.000  0.411     0.00     0.00     0.00     0.00     0.00 -1 -1.32e-09      0.00 6.909e-01 2.938e-01 2.062e-03 1.425e-03 6.694e-03 -1.000 1.527e-02 -2.157 -1.513 -0.561 -2.478
0.0152 0.01508 9.69897 1.2549346685 2.5140767097    1.243  2.818  3.5732  0.959    3  0.000  0.411     0.00     0.00     0.00     0.00     0.00 -1 -1.58e-09      0.00 6.909e-01 2.938e-01 2.062e-03 1.425e-03 6.694e-03 -1.000 1.527e-02 -2.275 -1.580 -0.585 -2.568
0.0152 0.01508 9.69897 1.2549811602 2.5140824318    1.242  2.864  3.5688  0.895    3  0.000  0.411     0.00     0.00     0.00     0.00     0.00 -1  -1.9e-09      0.00 6.909e-01 2.938e-01 2.062e-03 1.425e-03 6.694e-03 -1.000 1.527e-02 -2.390 -1.643 -0.600 -2.653
0.0152 0.01508 9.69897 1.2550235987 2.5140876770    1.241  2.909  3.5644  0.832    3  0.000  0.411     0.00     0.00     0.00     0.00     0.00 -1 -2.27e-09      0.00 6.909e-01 2.938e-01 2.062e-03 1.426e-03 6.694e-03 -1.000 1.527e-02 -2.503 -1.696 -0.595 -2.732
0.0152 0.01508 9.69897 1.2550630569 2.5140926838    1.240  2.954  3.5600  0.769    3  0.000  0.411     0.00     0.00     0.00     0.00     0.00 -1 -2.72e-09      0.00 6.909e-01 2.938e-01 2.062e-03 1.426e-03 6.694e-03 -1.000 1.527e-02 -2.615 -1.748 -0.588 -2.810
0.0152 0.01508 9.69897 1.2550997734 2.5140972137    1.238  2.998  3.5555  0.706    3  0.000  0.411     0.00     0.00     0.00     0.00     0.00 -1 -3.25e-09      0.00 6.909e-01 2.938e-01 2.062e-03 1.426e-03 6.694e-03 -1.000 1.527e-02 -2.726 -1.786 -0.548 -2.877
0.0152 0.01508 9.69897 1.2551331520 2.5141012669    1.237  3.042  3.5510  0.645    3  0.000  0.411     0.00     0.00     0.00     0.00     0.00 -1 -3.87e-09      0.00 6.909e-01 2.938e-01 2.062e-03 1.426e-03 6.694e-03 -1.000 1.527e-02 -2.834 -1.823 -0.507 -2.942
0.0152 0.01508 9.69897 1.2551642656 2.5141053200    1.235  3.084  3.5465  0.583    3  0.000  0.411     0.00     0.00     0.00     0.00     0.00 -1  -4.6e-09      0.00 6.909e-01 2.938e-01 2.062e-03 1.426e-03 6.694e-03 -1.000 1.527e-02 -2.941 -1.847 -0.439 -2.997
0.0152 0.01508 9.69897 1.2551934719 2.5141088963    1.233  3.127  3.5418  0.521    3  0.000  0.411     0.00     0.00     0.00     0.00     0.00 -1 -5.48e-09      0.00 6.909e-01 2.938e-01 2.061e-03 1.426e-03 6.694e-03 -1.000 1.527e-02 -3.047 -1.867 -0.360 -3.048
0.0152 0.01508 9.69897 1.2552205324 2.5141122341    1.231  3.169  3.5371  0.460    3  0.000  0.411     0.00     0.00     0.00     0.00     0.00 -1 -6.51e-09      0.00 6.909e-01 2.938e-01 2.061e-03 1.426e-03 6.694e-03 -1.000 1.527e-02 -3.152 -1.875 -0.256 -3.088
0.0152 0.01508 9.69897 1.2552456856 2.5141153336    1.229  3.210  3.5324  0.399    3  0.000  0.411     0.00     0.00     0.00     0.00     0.00 -1 -7.72e-09      0.00 6.909e-01 2.938e-01 2.061e-03 1.426e-03 6.694e-03 -1.000 1.527e-02 -3.255 -1.875 -0.135 -3.120
0.0152 0.01508 9.69897 1.2552694082 2.5141181946    1.226  3.251  3.5276  0.338    3  0.000  0.411     0.00     0.00     0.00     0.00     0.00 -1 -9.17e-09      0.00 6.909e-01 2.938e-01 2.061e-03 1.426e-03 6.694e-03 -1.000 1.527e-02 -3.358 -1.862 0.008 -3.139
0.0152 0.01508 9.69897 1.2552913427 2.5141210556    1.223  3.291  3.5228  0.278    3  0.000  0.411     0.00     0.00     0.00     0.00     0.00 -1 -1.09e-08      0.00 6.909e-01 2.938e-01 2.061e-03 1.426e-03 6.694e-03 -1.000 1.527e-02 -3.457 -1.835 0.173 -3.142
0.0152 0.01508 9.69897 1.2553119659 2.5141234398    1.220  3.330  3.5179  0.218    3  0.000  0.411     0.00     0.00     0.00     0.00     0.00 -1 -1.28e-08      0.00 6.909e-01 2.938e-01 2.061e-03 1.426e-03 6.694e-03 -1.000 1.527e-02 -3.555 -1.791 0.364 -3.129
0.0152 0.01508 9.69897 1.2553313971 2.5141260624    1.216  3.368  3.5130  0.159    3  0.000  0.410     0.00     0.00     0.00     0.00     0.00 -1 -1.51e-08      0.00 6.909e-01 2.938e-01 2.061e-03 1.426e-03 6.694e-03 -1.000 1.527e-02 -3.651 -1.726 0.588 -3.093
0.0152 0.01508 9.69897 1.2553492785 2.5141282082    1.213  3.401  3.5089  0.108    3  0.000  0.410     0.00     0.00     0.00     0.00     0.00 -1 -1.76e-08      0.00 6.909e-01 2.938e-01 2.061e-03 1.426e-03 6.694e-03 -1.000 1.527e-02 -3.733 -1.674 0.768 -3.065
0.0152 0.01508 9.69897 1.2553492785 2.5141282082    1.212  1.721  3.6712  2.438    4  0.000  0.418     0.00     0.00     0.00     0.00     0.00 -1    -1e-30      0.00 6.872e-01 2.974e-01 2.106e-03 1.406e-03 6.721e-03 -1.000 1.538e-02 0.468 0.542 1.082 -0.153
0.0152 0.01508 9.69897 1.2555829287 2.5141570568    1.213  1.732  3.6703  2.423    4  0.000  0.418     0.00     0.00     0.00     0.00     0.00 -1    -1e-30      0.00 6.872e-01 2.974e-01 2.106e-03 1.406e-03 6.721e-03 -1.000 1.538e-02 0.440 0.517 1.060 -0.180
0.0152 0.01508 9.69897 1.2558234930 2.5141870975    1.213  1.737  3.6700  2.417    4  0.000  0.418     0.00     0.00     0.00     0.00     0.00 -1    -1e-30      0.00 6.872e-01 2.974e-01 2.106e-03 1.407e-03 6.721e-03 -1.000 1.538e-02 0.428 0.506 1.050 -0.191
0.0152 0.01508 9.69897 1.2560660839 2.5142171383    1.213  1.737  3.6703  2.419    4  0.000  0.418     0.00     0.00     0.00     0.00     0.00 -1    -1e-30      0.00 6.872e-01 2.974e-01 2.105e-03 1.407e-03 6.721e-03 -1.000 1.538e-02 0.429 0.506 1.049 -0.191
0.0152 0.01508 9.69897 1.2563121319 2.5142474174    1.214  1.735  3.6707  2.422    4  0.000  0.418     0.00     0.00     0.00     0.00     0.00 -1    -1e-30      0.00 6.872e-01 2.974e-01 2.105e-03 1.407e-03 6.721e-03 -1.000 1.538e-02 0.432 0.508 1.050 -0.188
0.0152 0.01508 9.69897 1.2565521002 2.5142772198    1.214  1.733  3.6710  2.425    4  0.000  0.417     0.00     0.00     0.00     0.00     0.00 -1    -1e-30      0.00 6.872e-01 2.974e-01 2.105e-03 1.407e-03 6.721e-03 -1.000 1.538e-02 0.437 0.512 1.052 -0.184
0.0152 0.01508 9.69897 1.2567981482 2.5143077374    1.214  1.731  3.6714  2.429    4  0.000  0.417     0.00     0.00     0.00     0.00     0.00 -1    -1e-30      0.00 6.872e-01 2.974e-01 2.105e-03 1.408e-03 6.721e-03 -1.000 1.538e-02 0.442 0.515 1.054 -0.180
0.0152 0.01508 9.69897 1.2570425272 2.5143380165    1.214  1.730  3.6718  2.432    4  0.000  0.417     0.00     0.00     0.00     0.00     0.00 -1    -1e-30      0.00 6.872e-01 2.974e-01 2.104e-03 1.408e-03 6.721e-03 -1.000 1.538e-02 0.446 0.518 1.056 -0.176
0.0152 0.01508 9.69897 1.2572842836 2.5143678188    1.215  1.728  3.6722  2.435    4  0.000  0.417     0.00     0.00     0.00     0.00     0.00 -1    -1e-30      0.00 6.872e-01 2.974e-01 2.104e-03 1.408e-03 6.721e-03 -1.000 1.538e-02 0.450 0.521 1.058 -0.172
0.0152 0.01508 9.69897 1.2575300932 2.5143980980    1.215  1.727  3.6725  2.438    4  0.000  0.417     0.00     0.00     0.00     0.00     0.00 -1    -1e-30      0.00 6.872e-01 2.974e-01 2.104e-03 1.408e-03 6.721e-03 -1.000 1.538e-02 0.454 0.523 1.059 -0.169
0.0152 0.01508 9.69897 1.2577813864 2.5144293308    1.215  1.725  3.6728  2.441    4  0.000  0.417     0.00     0.00     0.00     0.00     0.00 -1    -1e-30      0.00 6.872e-01 2.974e-01 2.104e-03 1.409e-03 6.721e-03 -1.000 1.538e-02 0.457 0.525 1.060 -0.166
0.0152 0.01508 9.69897 1.2580183744 2.5144584179    1.215  1.725  3.6731  2.443    4  0.000  0.417     0.00     0.00     0.00     0.00     0.00 -1    -1e-30      0.00 6.873e-01 2.974e-01 2.104e-03 1.409e-03 6.721e-03 -1.000 1.538e-02 0.459 0.526 1.061 -0.164
0.0152 0.01508 9.69897 1.2582520247 2.5144872665    1.216  1.724  3.6734  2.444    4  0.000  0.417     0.00     0.00     0.00     0.00     0.00 -1    -1e-30      0.00 6.873e-01 2.974e-01 2.103e-03 1.409e-03 6.721e-03 -1.000 1.538e-02 0.460 0.527 1.061 -0.163
0.0152 0.01508 9.69897 1.2585009336 2.5145180225    1.216  1.723  3.6736  2.446    4  0.000  0.417     0.00     0.00     0.00     0.00     0.00 -1    -1e-30      0.00 6.873e-01 2.973e-01 2.103e-03 1.409e-03 6.721e-03 -1.000 1.539e-02 0.462 0.528 1.061 -0.161
0.0152 0.01508 9.69897 1.2586908340 2.5145413876    1.216  1.723  3.6738  2.447    4  0.000  0.417     0.00     0.00     0.00     0.00     0.00 -1    -1e-30      0.00 6.873e-01 2.973e-01 2.103e-03 1.410e-03 6.721e-03 -1.000 1.539e-02 0.463 0.528 1.061 -0.161
0.0152 0.01508 9.69897 1.2587462664 2.5145483017    1.216  1.723  3.6738  2.447    4  0.000  0.417     0.00     0.00     0.00     0.00     0.00 -1    -1e-30      0.00 6.873e-01 2.973e-01 2.103e-03 1.410e-03 6.721e-03 -1.000 1.539e-02 0.463 0.528 1.061 -0.161
0.0152 0.01508 9.69897 1.2589983940 2.5145795345    1.217  1.723  3.6740  2.449    4  0.000  0.417     0.00     0.00     0.00     0.00     0.00 -1    -1e-30      0.00 6.873e-01 2.973e-01 2.103e-03 1.410e-03 6.721e-03 -1.000 1.539e-02 0.464 0.528 1.060 -0.160
0.0152 0.01508 9.69897 1.2592314482 2.5146081448    1.217  1.723  3.6742  2.449    4  0.000  0.417     0.00     0.00     0.00     0.00     0.00 -1    -1e-30      0.00 6.873e-01 2.973e-01 2.103e-03 1.410e-03 6.721e-03 -1.000 1.539e-02 0.464 0.528 1.059 -0.160
0.0152 0.01508 9.69897 1.2594629526 2.5146367550    1.217  1.723  3.6743  2.450    4  0.000  0.417     0.00     0.00     0.00     0.00     0.00 -1    -1e-30      0.00 6.873e-01 2.973e-01 2.102e-03 1.410e-03 6.721e-03 -1.000 1.539e-02 0.463 0.527 1.058 -0.161
0.0152 0.01508 9.69897 1.2597143650 2.5146675110    1.217  1.723  3.6744  2.450    4  0.000  0.417     0.00     0.00     0.00     0.00     0.00 -1    -1e-30      0.00 6.873e-01 2.973e-01 2.102e-03 1.411e-03 6.721e-03 -1.000 1.539e-02 0.462 0.525 1.056 -0.162
0.0152 0.01508 9.69897 1.2599614859 2.5146980286    1.218  1.724  3.6745  2.450    4  0.000  0.417     0.00     0.00     0.00     0.00     0.00 -1    -1e-30      0.00 6.873e-01 2.973e-01 2.102e-03 1.411e-03 6.721e-03 -1.000 1.539e-02 0.460 0.523 1.054 -0.164
0.0152 0.01508 9.69897 1.2602114677 2.5147287846    1.218  1.725  3.6745  2.449    4  0.000  0.417     0.00     0.00     0.00     0.00     0.00 -1    -1e-30      0.00 6.873e-01 2.973e-01 2.102e-03 1.411e-03 6.721e-03 -1.000 1.539e-02 0.458 0.520 1.051 -0.167
0.0152 0.01508 9.69897 1.2604289055 2.5147554874    1.218  1.726  3.6745  2.448    4  0.000  0.417     0.00     0.00     0.00     0.00     0.00 -1    -1e-30      0.00 6.873e-01 2.973e-01 2.101e-03 1.411e-03 6.721e-03 -1.000 1.539e-02 0.455 0.517 1.048 -0.170
0.0152 0.01508 9.69897 1.2604516745 2.5147583485    1.218  1.726  3.6745  2.447    4  0.000  0.417     0.00     0.00     0.00     0.00     0.00 -1    -1e-30      0.00 6.873e-01 2.973e-01 2.101e-03 1.411e-03 6.721e-03 -1.000 1.539e-02 0.454 0.517 1.048 -0.170
0.0152 0.01508 9.69897 1.2606835365 2.5147867203    1.218  1.728  3.6744  2.445    4  0.000  0.417     0.00     0.00     0.00     0.00     0.00 -1    -1e-30      0.00 6.873e-01 2.973e-01 2.101e-03 1.412e-03 6.721e-03 -1.000 1.539e-02 0.450 0.513 1.044 -0.175
0.0152 0.01508 9.69897 1.2609235048 2.5148162842    1.219  1.730  3.6743  2.443    4  0.000  0.417     0.00     0.00     0.00     0.00     0.00 -1    -1e-30      0.00 6.873e-01 2.973e-01 2.101e-03 1.412e-03 6.721e-03 -1.000 1.539e-02 0.444 0.508 1.039 -0.180
0.0152 0.01508 9.69897 1.2611628771 2.5148456097    1.219  1.733  3.6741  2.439    4  0.000  0.417     0.00     0.00     0.00     0.00     0.00 -1    -1e-30      0.00 6.873e-01 2.973e-01 2.101e-03 1.412e-03 6.721e-03 -1.000 1.539e-02 0.437 0.501 1.033 -0.187
0.0152 0.01508 9.69897 1.2613968849 2.5148744583    1.219  1.737  3.6738  2.435    4  0.000  0.417     0.00     0.00     0.00     0.00     0.00 -1    -1e-30      0.00 6.873e-01 2.973e-01 2.101e-03 1.412e-03 6.721e-03 -1.000 1.539e-02 0.428 0.493 1.026 -0.196
0.0152 0.01508 9.69897 1.2616326809 2.5149033070    1.220  1.741  3.6735  2.429    4  0.000  0.417     0.00     0.00     0.00     0.00     0.00 -1    -1e-30      0.00 6.873e-01 2.973e-01 2.100e-03 1.413e-03 6.721e-03 -1.000 1.539e-02 0.418 0.484 1.017 -0.206
0.0152 0.01508 9.69897 1.2618650198 2.5149316788    1.220  1.746  3.6731  2.423    4  0.000  0.417     0.00     0.00     0.00     0.00     0.00 -1    -1e-30      0.00 6.873e-01 2.973e-01 2.100e-03 1.413e-03 6.721e-03 -1.000 1.539e-02 0.406 0.473 1.008 -0.217
0.0152 0.01508 9.69897 1.2621021271 2.5149607658    1.220  1.751  3.6726  2.416    4  0.000  0.417     0.00     0.00     0.00     0.00     0.00 -1    -1e-30      0.00 6.874e-01 2.973e-01 2.100e-03 1.413e-03 6.721e-03 -1.000 1.539e-02 0.391 0.460 0.997 -0.231
0.0152 0.01508 9.69897 1.2623395920 2.5149898529    1.220  1.758  3.6721  2.407    4  0.000  0.416     0.00     0.00     0.00     0.00     0.00 -1    -1e-30      0.00 6.874e-01 2.973e-01 2.100e-03 1.413e-03 6.721e-03 -1.000 1.539e-02 0.375 0.446 0.984 -0.247
0.0152 0.01508 9.69897 1.2625769377 2.5150189400    1.221  1.762  3.6718  2.401    4  0.000  0.416     0.00     0.00     0.00     0.00     0.00 -1    -1e-30      0.00 6.874e-01 2.972e-01 2.100e-03 1.414e-03 6.721e-03 -1.000 1.539e-02 0.364 0.436 0.975 -0.258
0.0152 0.01508 9.69897 1.2628211975 2.5150489807    1.221  1.771  3.6709  2.389    4  0.000  0.416     0.00     0.00     0.00     0.00     0.00 -1    -1e-30      0.00 6.874e-01 2.972e-01 2.099e-03 1.414e-03 6.721e-03 -1.000 1.539e-02 0.341 0.416 0.958 -0.280
0.0152 0.01508 9.69897 1.2630591393 2.5150780678    1.221  1.797  3.6685  2.354    4  0.000  0.416     0.00     0.00     0.00     0.00     0.00 -1    -1e-30      0.00 6.874e-01 2.972e-01 2.099e-03 1.414e-03 6.721e-03 -1.000 1.539e-02 0.278 0.362 0.911 -0.340
0.0152 0.01508 9.69897 1.2632646561 2.5151031017    1.221  1.836  3.6650  2.301    4  0.000  0.416     0.00     0.00     0.00     0.00     0.00 -1    -1e-30      0.00 6.874e-01 2.972e-01 2.099e-03 1.414e-03 6.721e-03 -1.000 1.539e-02 0.180 0.276 0.837 -0.435
0.0152 0.01508 9.69897 1.2633635998 2.5151152611    1.222  1.875  3.6615  2.249    4  0.000  0.416     0.00     0.00     0.00     0.00     0.00 -1    -1e-30      0.00 6.874e-01 2.972e-01 2.099e-03 1.414e-03 6.721e-03 -1.000 1.539e-02 0.084 0.193 0.765 -0.526
0.0152 0.01508 9.69897 1.2634142637 2.5151214600    1.222  1.913  3.6582  2.197    4  0.000  0.416     0.00     0.00     0.00     0.00     0.00 -1    -1e-30      0.00 6.874e-01 2.972e-01 2.099e-03 1.414e-03 6.721e-03 -1.000 1.539e-02 -0.011 0.112 0.695 -0.616
0.0152 0.01508 9.69897 1.2634432316 2.5151250362    1.222  1.954  3.6545  2.141    4  0.000  0.416     0.00     0.00     0.00     0.00     0.00 -1    -1e-30      0.00 6.874e-01 2.972e-01 2.099e-03 1.414e-03 6.721e-03 -1.000 1.539e-02 -0.115 0.023 0.619 -0.714
0.0152 0.01508 9.69897 1.2634571791 2.5151267052    1.222  1.994  3.6511  2.087    4  0.000  0.416     0.00     0.00     0.00     0.00     0.00 -1    -1e-30      0.00 6.874e-01 2.972e-01 2.099e-03 1.414e-03 6.721e-03 -1.000 1.539e-02 -0.215 -0.062 0.545 -0.808
0.0152 0.01508 9.69897 1.2634649277 2.5151276588    1.222  2.032  3.6477  2.035    4  0.000  0.416     0.00     0.00     0.00     0.00     0.00 -1    -1e-30      0.00 6.874e-01 2.972e-01 2.099e-03 1.414e-03 6.721e-03 -1.000 1.539e-02 -0.311 -0.143 0.476 -0.899
0.0152 0.01508 9.69897 1.2634698153 2.5151283741    1.222  2.069  3.6446  1.986    4  0.000  0.416     0.00     0.00     0.00     0.00     0.00 -1    -1e-30      0.00 6.874e-01 2.972e-01 2.099e-03 1.414e-03 6.721e-03 -1.000 1.539e-02 -0.403 -0.221 0.410 -0.984
0.0152 0.01508 9.69897 1.2634714842 2.5151283741    1.222  2.085  3.6433  1.966    7  0.000  0.416     0.00     0.00     0.00     0.00     0.00 -1    -1e-30      0.00 6.874e-01 2.972e-01 2.099e-03 1.414e-03 6.721e-03 -1.000 1.539e-02 -0.442 -0.253 0.382 -1.020
0.0152 0.01508 9.69897 1.2634739876 2.5151288509    1.222  2.111  3.6411  1.930    7  0.000  0.416     0.00     0.00     0.00     0.00     0.00 -1    -1e-30      0.00 6.874e-01 2.972e-01 2.099e-03 1.414e-03 6.721e-03 -1.000 1.539e-02 -0.507 -0.309 0.334 -1.080
0.0152 0.01508 9.69897 1.2634782791 2.5151293278    1.222  2.158  3.6372  1.868    7  0.000  0.416     0.00     0.00     0.00     0.00     0.00 -1    -1e-30      0.00 6.874e-01 2.972e-01 2.099e-03 1.414e-03 6.721e-03 -1.000 1.539e-02 -0.624 -0.406 0.250 -1.187
0.0152 0.01508 9.69897 1.2634819746 2.5151298046    1.222  2.195  3.6341  1.819    7  0.000  0.416     0.00     0.00     0.00     0.00     0.00 -1    -1e-30      0.00 6.874e-01 2.972e-01 2.099e-03 1.414e-03 6.721e-03 -1.000 1.539e-02 -0.717 -0.482 0.184 -1.271
0.0152 0.01508 9.69897 1.2634911537 2.5151307583    1.222  2.207  3.6331  1.802    7  0.000  0.416     0.00     0.00     0.00     0.00     0.00 -1    -1e-30      0.00 6.874e-01 2.972e-01 2.099e-03 1.414e-03 6.721e-03 -1.000 1.539e-02 -0.748 -0.509 0.161 -1.299
0.0152 0.01508 9.69897 1.2634974718 2.5151317120    1.222  2.179  3.6355  1.840    7  0.000  0.416     0.00     0.00     0.00     0.00     0.00 -1    -1e-30      0.00 6.874e-01 2.972e-01 2.099e-03 1.415e-03 6.721e-03 -1.000 1.539e-02 -0.677 -0.450 0.211 -1.235
0.0152 0.01508 9.69897 1.2635136843 2.5151336193    1.222  2.144  3.6384  1.886    7  0.000  0.416     0.00     0.00     0.00     0.00     0.00 -1 -1.58e-30      0.00 6.874e-01 2.972e-01 2.099e-03 1.415e-03 6.721e-03 -1.000 1.540e-02 -0.591 -0.379 0.273 -1.157
0.0152 0.01508 9.69897 1.2636556625 2.5151510239    1.222  2.136  3.6391  1.897    7  0.000  0.416     0.00     0.00     0.00     0.00     0.00 -1 -3.96e-15      0.00 6.874e-01 2.966e-01 2.099e-03 1.415e-03 6.721e-03 -1.000 1.600e-02 -0.570 -0.361 0.288 -1.138
0.0152 0.01508 9.69897 1.2637771368 2.5151658058    1.221  2.172  3.6360  1.849    7  0.000  0.416     0.00     0.00     0.00     0.00     0.00 -1 -4.38e-10      0.00 6.874e-01 2.964e-01 2.099e-03 1.415e-03 6.721e-03 -1.000 1.619e-02 -0.660 -0.435 0.224 -1.219
0.0152 0.01508 9.69897 1.2638748884 2.5151777267    1.221  2.215  3.6323  1.791    7  0.000  0.416     0.00     0.00     0.00     0.00     0.00 -1 -5.44e-10      0.00 6.874e-01 2.964e-01 2.098e-03 1.415e-03 6.721e-03 -1.000 1.619e-02 -0.768 -0.524 0.147 -1.317
0.0152 0.01508 9.69897 1.2639555931 2.5151875019    1.220  2.257  3.6288  1.735    7  0.000  0.416     0.00     0.00     0.00     0.00     0.00 -1 -6.72e-10      0.00 6.874e-01 2.964e-01 2.098e-03 1.415e-03 6.721e-03 -1.000 1.619e-02 -0.872 -0.610 0.073 -1.410
0.0152 0.01508 9.69897 1.2640235424 2.5151958466    1.220  2.299  3.6253  1.679    7  0.000  0.416     0.00     0.00     0.00     0.00     0.00 -1 -8.29e-10      0.00 6.874e-01 2.964e-01 2.098e-03 1.415e-03 6.721e-03 -1.000 1.619e-02 -0.976 -0.695 0.000 -1.503
0.0152 0.01508 9.69897 1.2640817165 2.5152029991    1.219  2.340  3.6218  1.624    7  0.000  0.416     0.00     0.00     0.00     0.00     0.00 -1 -1.02e-09      0.00 6.874e-01 2.964e-01 2.098e-03 1.415e-03 6.721e-03 -1.000 1.619e-02 -1.079 -0.778 -0.072 -1.594
0.0152 0.01508 9.69897 1.2641326189 2.5152091980    1.218  2.381  3.6183  1.568    7  0.000  0.416     0.00     0.00     0.00     0.00     0.00 -1 -1.25e-09      0.00 6.874e-01 2.964e-01 2.098e-03 1.415e-03 6.721e-03 -1.000 1.619e-02 -1.182 -0.861 -0.144 -1.685
0.0152 0.01508 9.69897 1.2641767263 2.5152146816    1.218  2.422  3.6149  1.513    7  0.000  0.416     0.00     0.00     0.00     0.00     0.00 -1 -1.54e-09      0.00 6.874e-01 2.964e-01 2.098e-03 1.415e-03 6.721e-03 -1.000 1.619e-02 -1.284 -0.941 -0.213 -1.773
0.0152 0.01508 9.69897 1.2642159462 2.5152194500    1.217  2.462  3.6114  1.459    7  0.000  0.416     0.00     0.00     0.00     0.00     0.00 -1 -1.88e-09      0.00 6.874e-01 2.964e-01 2.098e-03 1.415e-03 6.721e-03 -1.000 1.619e-02 -1.386 -1.021 -0.279 -1.863
0.0152 0.01508 9.69897 1.2642513514 2.5152237415    1.216  2.503  3.6079  1.404    7  0.000  0.416     0.00     0.00     0.00     0.00     0.00 -1  -2.3e-09      0.00 6.874e-01 2.964e-01 2.098e-03 1.415e-03 6.721e-03 -1.000 1.619e-02 -1.487 -1.099 -0.339 -1.951
0.0152 0.01508 9.69897 1.2642838955 2.5152277946    1.215  2.543  3.6044  1.349    7  0.000  0.416     0.00     0.00     0.00     0.00     0.00 -1  -2.8e-09      0.00 6.874e-01 2.964e-01 2.098e-03 1.415e-03 6.721e-03 -1.000 1.617e-02 -1.587 -1.175 -0.398 -2.038
0.0152 0.01508 9.69897 1.2643140554 2.5152313709    1.214  2.583  3.6000  1.291    7  0.000  0.416     0.00     0.00     0.00     0.00     0.00 -1 -3.41e-09      0.00 6.874e-01 2.964e-01 2.097e-03 1.415e-03 6.721e-03 -1.000 1.617e-02 -1.687 -1.244 -0.445 -2.121
0.0152 0.01508 9.69897 1.2643357515 2.5152339935    1.213  2.613  3.5946  1.239    7  0.000  0.416     0.00     0.00     0.00     0.00     0.00 -1 -3.94e-09      0.00 6.874e-01 2.964e-01 2.096e-03 1.416e-03 6.721e-03 -1.000 1.617e-02 -1.763 -1.276 -0.447 -2.173
0.0152 0.01508 9.69897 1.2643629313 2.5152373314    1.211  2.653  3.5905  1.182    7  0.000  0.415     0.00     0.00     0.00     0.00     0.00 -1 -4.78e-09      0.00 6.874e-01 2.964e-01 2.095e-03 1.417e-03 6.721e-03 -1.000 1.617e-02 -1.863 -1.343 -0.489 -2.254
0.0152 0.01508 9.69897 1.2643883228 2.5152404308    1.210  2.693  3.5869  1.127    7  0.000  0.415     0.00     0.00     0.00     0.00     0.00 -1 -5.79e-09      0.00 6.874e-01 2.964e-01 2.091e-03 1.421e-03 6.721e-03 -1.000 1.619e-02 -1.963 -1.410 -0.530 -2.336
0.0152 0.01508 9.69897 1.2644122839 2.5152432919    1.208  2.733  3.5832  1.072    7  0.000  0.414     0.00     0.00     0.00     0.00     0.00 -1 -6.95e-09      0.00 6.874e-01 2.964e-01 2.086e-03 1.427e-03 6.721e-03 -1.000 1.619e-02 -2.062 -1.474 -0.568 -2.415
0.0152 0.01508 9.69897 1.2644364834 2.5152463913    1.206  2.773  3.5793  1.016    7  0.000  0.413     0.00     0.00     0.00     0.00     0.00 -1 -8.42e-09      0.00 6.874e-01 2.964e-01 2.081e-03 1.433e-03 6.721e-03 -1.000 1.619e-02 -2.162 -1.536 -0.601 -2.494
0.0152 0.01508 9.69897 1.2644592524 2.5152490139    1.203  2.813  3.5751  0.957    7  0.000  0.412     0.00     0.00     0.00     0.00     0.00 -1 -1.02e-08      0.00 6.874e-01 2.964e-01 2.076e-03 1.438e-03 6.721e-03 -1.000 1.619e-02 -2.263 -1.591 -0.615 -2.569
0.0152 0.01508 9.69897 1.2644767761 2.5152511597    1.201  2.855  3.5710  0.899    7  0.000  0.411     0.00     0.00     0.00     0.00     0.00 -1 -1.24e-08      0.00 6.874e-01 2.964e-01 2.072e-03 1.443e-03 6.721e-03 -1.000 1.619e-02 -2.366 -1.647 -0.629 -2.646
0.0152 0.01508 9.69897 1.2644879818 2.5152525902    1.199  2.893  3.5670  0.844    7  0.000  0.410     0.00     0.00     0.00     0.00     0.00 -1 -1.49e-08      0.00 6.874e-01 2.964e-01 2.069e-03 1.447e-03 6.721e-03 -1.000 1.620e-02 -2.463 -1.691 -0.624 -2.713
0.0152 0.01508 9.69897 1.2644966841 2.5152537823    1.197  2.931  3.5630  0.789    7  0.000  0.410     0.00     0.00     0.00     0.00     0.00 -1 -1.76e-08      0.00 6.874e-01 2.964e-01 2.066e-03 1.451e-03 6.721e-03 -1.000 1.621e-02 -2.557 -1.730 -0.609 -2.775
0.0152 0.01508 9.69897 1.2645044327 2.5152547359    1.195  2.969  3.5588  0.734    7  0.000  0.409     0.00     0.00     0.00     0.00     0.00 -1 -2.09e-08      0.00 6.874e-01 2.964e-01 2.063e-03 1.454e-03 6.721e-03 -1.000 1.621e-02 -2.652 -1.765 -0.583 -2.835
0.0152 0.01508 9.69897 1.2645115852 2.5152554512    1.193  3.007  3.5545  0.678    7  0.000  0.409     0.00     0.00     0.00     0.00     0.00 -1 -2.48e-08      0.00 6.874e-01 2.964e-01 2.061e-03 1.457e-03 6.721e-03 -1.000 1.623e-02 -2.747 -1.791 -0.535 -2.889
0.0152 0.01508 9.69897 1.2645182610 2.5152564049    1.191  3.044  3.5502  0.623    7  0.000  0.409     0.00     0.00     0.00     0.00     0.00 -1 -2.92e-08      0.00 6.873e-01 2.964e-01 2.060e-03 1.459e-03 6.721e-03 -1.000 1.622e-02 -2.839 -1.815 -0.485 -2.940
0.0152 0.01508 9.69897 1.2645243406 2.5152571201    1.188  3.080  3.5460  0.569    7  0.000  0.408     0.00     0.00     0.00     0.00     0.00 -1 -3.45e-08      0.00 6.873e-01 2.964e-01 2.059e-03 1.460e-03 6.721e-03 -1.000 1.622e-02 -2.930 -1.827 -0.408 -2.980
0.0152 0.01508 9.69897 1.2645308971 2.5152578354    1.185  3.118  3.5412  0.511    7  0.000  0.408     0.00     0.00     0.00     0.00     0.00 -1  -4.1e-08      0.00 6.873e-01 2.964e-01 2.058e-03 1.461e-03 6.721e-03 -1.000 1.622e-02 -3.025 -1.834 -0.315 -3.019
0.0152 0.01508 9.69897 1.2645380497 2.5152587891    1.181  3.157  3.5363  0.451    7  0.000  0.408     0.00     0.00     0.00     0.00     0.00 -1 -4.86e-08      0.00 6.873e-01 2.964e-01 2.058e-03 1.461e-03 6.721e-03 -1.000 1.622e-02 -3.123 -1.828 -0.189 -3.046
0.0152 0.01508 9.69897 1.2645462751 2.5152597427    1.176  3.196  3.5312  0.389    7  0.000  0.408     0.00     0.00     0.00     0.00     0.00 -1 -5.84e-08      0.00 6.873e-01 2.964e-01 2.058e-03 1.461e-03 6.721e-03 -1.000 1.622e-02 -3.220 -1.814 -0.044 -3.067
0.0152 0.01508 9.69897 1.2645543814 2.5152606964    1.169  3.231  3.5265  0.332    7  0.000  0.408     0.00     0.00     0.00     0.00     0.00 -1 -6.86e-08      0.00 6.873e-01 2.964e-01 2.058e-03 1.461e-03 6.721e-03 -1.000 1.622e-02 -3.308 -1.783 0.117 -3.067
0.0152 0.01508 9.69897 1.2645581961 2.5152611732    1.166  3.250  3.5238  0.301    7  0.000  0.408     0.00     0.00     0.00     0.00     0.00 -1 -7.54e-08      0.00 6.873e-01 2.964e-01 2.058e-03 1.461e-03 6.721e-03 -1.000 1.622e-02 -3.356 -1.762 0.213 -3.062
0.0152 0.01508 9.69897 1.2645602226 2.5152614117    1.164  3.227  3.5267  0.336    7  0.000  0.408     0.00     0.00     0.00     0.00     0.00 -1 -6.83e-08      0.00 6.873e-01 2.964e-01 2.057e-03 1.462e-03 6.721e-03 -1.000 1.622e-02 -3.297 -1.778 0.114 -3.061
0.0152 0.01508 9.69897 1.2645605803 2.5152614117    1.163  3.196  3.5307  0.382    7  0.000  0.408     0.00     0.00     0.00     0.00     0.00 -1 -6.03e-08      0.00 6.873e-01 2.964e-01 2.057e-03 1.462e-03 6.721e-03 -1.000 1.622e-02 -3.221 -1.803 -0.019 -3.060
0.0152 0.01508 9.69897 1.2645606995 2.5152614117    1.163  3.191  3.5314  0.390    7  0.000  0.408     0.00     0.00     0.00     0.00     0.00 -1 -5.89e-08      0.00 6.873e-01 2.964e-01 2.057e-03 1.462e-03 6.721e-03 -1.000 1.622e-02 -3.207 -1.804 -0.038 -3.057
0.0152 0.01508 9.69897 1.2645608187 2.5152614117    1.163  3.162  3.5349  0.433    7  0.000  0.408     0.00     0.00     0.00     0.00     0.00 -1 -5.21e-08      0.00 6.873e-01 2.964e-01 2.057e-03 1.462e-03 6.721e-03 -1.000 1.622e-02 -3.135 -1.809 -0.133 -3.037
0.0152 0.01508 9.69897 1.2645609379 2.5152614117    1.163  3.200  3.5302  0.376    7  0.000  0.408     0.00     0.00     0.00     0.00     0.00 -1 -6.13e-08      0.00 6.873e-01 2.964e-01 2.057e-03 1.462e-03 6.721e-03 -1.000 1.622e-02 -3.230 -1.801 -0.005 -3.061
0.0152 0.01508 9.69897 1.2645611763 2.5152616501    1.163  3.209  3.5290  0.362    7  0.000  0.408     0.00     0.00     0.00     0.00     0.00 -1 -6.37e-08      0.00 6.873e-01 2.964e-01 2.057e-03 1.462e-03 6.721e-03 -1.000 1.622e-02 -3.253 -1.794 0.035 -3.062
0.0152 0.01508 9.69897 1.2645614147 2.5152616501    1.163  3.234  3.5258  0.325    7  0.000  0.408     0.00     0.00     0.00     0.00     0.00 -1 -7.07e-08      0.00 6.873e-01 2.964e-01 2.057e-03 1.462e-03 6.721e-03 -1.000 1.622e-02 -3.314 -1.772 0.147 -3.060
0.0152 0.01508 9.69897 1.2645616531 2.5152616501    1.162  3.260  3.5223  0.284    7  0.000  0.408     0.00     0.00     0.00     0.00     0.00 -1 -7.88e-08      0.00 6.873e-01 2.964e-01 2.057e-03 1.462e-03 6.721e-03 -1.000 1.622e-02 -3.381 -1.746 0.273 -3.056
0.0152 0.01508 9.69897 1.2645620108 2.5152616501    1.162  3.291  3.5182  0.237    7  0.000  0.408     0.00     0.00     0.00     0.00     0.00 -1 -8.95e-08      0.00 6.873e-01 2.964e-01 2.057e-03 1.462e-03 6.721e-03 -1.000 1.622e-02 -3.458 -1.705 0.436 -3.040
0.0152 0.01508 9.69897 1.2645624876 2.5152616501    1.161  3.324  3.5137  0.186    7  0.000  0.408     0.00     0.00     0.00     0.00     0.00 -1 -1.02e-07      0.00 6.873e-01 2.964e-01 2.057e-03 1.462e-03 6.721e-03 -1.000 1.622e-02 -3.539 -1.637 0.651 -2.999
0.0152 0.01508 9.69897 1.2645630836 2.5152618885    1.161  3.355  3.5094  0.138    7  0.000  0.408     0.00     0.00     0.00     0.00     0.00 -1 -1.17e-07      0.00 6.873e-01 2.964e-01 2.057e-03 1.462e-03 6.721e-03 -1.000 1.622e-02 -3.616 -1.574 0.850 -2.961
0.0152 0.01508 9.69897 1.2645637989 2.5152618885    1.160  3.387  3.5047  0.086    7  0.000  0.408     0.00     0.00     0.00     0.00     0.00 -1 -1.34e-07      0.00 6.873e-01 2.964e-01 2.057e-03 1.462e-03 6.721e-03 -1.000 1.622e-02 -3.698 -1.518 1.023 -2.927
0.0152 0.01508 9.69897 1.2645646334 2.5152618885    1.158  3.418  3.5002  0.037    7  0.000  0.408     0.00     0.00     0.00     0.00     0.00 -1 -1.51e-07      0.00 6.873e-01 2.964e-01 2.057e-03 1.462e-03 6.721e-03 -1.000 1.622e-02 -3.775 -1.449 1.213 -2.881
0.0152 0.01508 9.69897 1.2645659447 2.5152621269    1.155  3.447  3.4957 -0.012    7  0.528  0.408     0.00     0.00     0.00     0.00     0.00 -1 -1.72e-07      0.00 6.873e-01 2.964e-01 2.057e-03 1.462e-03 6.721e-03 -1.000 1.622e-02 -3.848 -1.388 1.365 -2.836
0.0152 0.01508 9.69897 1.2645668983 2.5152621269    1.153  3.462  3.4933 -0.037    8  0.528  0.429   193.32    94.44    59.50    47.31    38.64  1 -1.84e-07      0.00 6.873e-01 2.973e-01 2.166e-03 1.463e-03 6.736e-03 -1.000 1.538e-02 -3.886 -1.354 1.447 -2.811
0.0152 0.01508 9.69897 1.2645670176 2.5152623653    1.152  3.208  3.5276  0.354    8  0.528  0.429    79.65    46.58    30.29    23.84    19.44  2 -6.52e-08      0.00 6.873e-01 2.973e-01 2.166e-03 1.463e-03 6.736e-03 -1.000 1.538e-02 -3.250 -1.753 0.114 -3.030
0.0152 0.01508 9.69897 1.2645671368 2.5152623653    1.152  3.102  3.5416  0.516    8  0.528  0.429    56.03    34.71    22.88    17.92    14.60  2 -4.17e-08      0.00 6.873e-01 2.973e-01 2.166e-03 1.463e-03 6.736e-03 -1.000 1.538e-02 -2.984 -1.800 -0.289 -2.982
0.0152 0.01508 9.69897 1.2645674944 2.5152623653    1.151  2.920  3.5656  0.793    8  0.528  0.429    31.44    21.03    14.17    11.02     8.97  3  -1.9e-08      0.00 6.873e-01 2.973e-01 2.166e-03 1.463e-03 6.736e-03 -1.000 1.538e-02 -2.530 -1.738 -0.651 -2.769
0.0152 0.01508 9.69897 1.2645679712 2.5152623653    1.150  2.939  3.5628  0.763    8  0.528  0.429    33.45    22.21    14.94    11.63     9.46  2 -2.08e-08      0.00 6.873e-01 2.973e-01 2.166e-03 1.463e-03 6.736e-03 -1.000 1.538e-02 -2.577 -1.748 -0.624 -2.794
0.0152 0.01508 9.69897 1.2645685673 2.5152623653    1.149  3.056  3.5469  0.582    8  0.528  0.429    48.72    30.81    20.41    15.97    13.01  2 -3.46e-08      0.00 6.873e-01 2.973e-01 2.166e-03 1.463e-03 6.736e-03 -1.000 1.538e-02 -2.870 -1.786 -0.388 -2.933
0.0152 0.01508 9.69897 1.2645692825 2.5152626038    1.147  3.212  3.5259  0.342    8  0.528  0.429    81.69    47.54    30.89    24.31    19.83  2 -6.68e-08      0.00 6.873e-01 2.973e-01 2.166e-03 1.463e-03 6.736e-03 -1.000 1.538e-02 -3.259 -1.720 0.192 -3.007
0.0152 0.01508 9.69897 1.2645702362 2.5152626038    1.145  3.342  3.5081  0.139    8  0.529  0.429   128.44    68.53    43.80    34.67    28.29  1 -1.15e-07      0.00 6.873e-01 2.973e-01 2.166e-03 1.463e-03 6.736e-03 -1.000 1.538e-02 -3.586 -1.509 0.942 -2.902
0.0152 0.01508 9.69897 1.2645711899 2.5152628422    1.143  3.426  3.4965  0.008    8  0.529  0.429   173.75    86.88    54.93    43.64    35.63  1 -1.62e-07      0.00 6.873e-01 2.973e-01 2.166e-03 1.463e-03 6.736e-03 -1.000 1.538e-02 -3.796 -1.361 1.373 -2.806
0.0152 0.01508 9.69897 1.2645723820 2.5152628422    1.141  3.469  3.4902 -0.061    8  0.529  0.429   204.01    98.33    61.82    49.20    40.19  1 -1.93e-07      0.00 6.873e-01 2.973e-01 2.166e-03 1.463e-03 6.736e-03 -1.000 1.538e-02 -3.903 -1.279 1.581 -2.748
0.0152 0.01508 9.69897 1.2645736933 2.5152630806    1.138  3.487  3.4871 -0.093    8  0.530  0.429   219.75   104.07    65.26    51.99    42.47  1 -2.09e-07      0.00 6.873e-01 2.973e-01 2.166e-03 1.463e-03 6.736e-03 -1.000 1.538e-02 -3.948 -1.260 1.623 -2.735
0.0152 0.01508 9.69897 1.2645752430 2.5152633190    1.135  3.497  3.4869 -0.104    8  0.530  0.429   225.42   106.09    66.46    52.97    43.27  1  -2.2e-07      0.00 6.873e-01 2.973e-01 2.166e-03 1.463e-03 6.736e-03 -1.000 1.538e-02 -3.971 -1.277 1.611 -2.753
0.0152 0.01508 9.69897 1.2645752430 2.5152633190    1.135  3.308  3.5101  0.177    8  0.530  0.429   117.61    63.83    40.91    32.36    26.40  1 -1.02e-07      0.00 6.873e-01 2.973e-01 2.166e-03 1.463e-03 6.736e-03 -1.000 1.538e-02 -3.500 -1.481 0.917 -2.864
0.0152 0.01508 9.69897 1.2645754814 2.5152633190    1.134  3.144  3.5319  0.428    8  0.530  0.429    67.48    40.54    26.52    20.84    16.99  2 -5.18e-08      0.00 6.873e-01 2.973e-01 2.166e-03 1.463e-03 6.736e-03 -1.000 1.538e-02 -3.090 -1.698 0.050 -2.946
0.0152 0.01508 9.69897 1.2645757198 2.5152633190    1.134  2.963  3.5559  0.705    8  0.530  0.429    37.53    24.57    16.44    12.82    10.44  2  -2.4e-08      0.00 6.873e-01 2.973e-01 2.166e-03 1.463e-03 6.736e-03 -1.000 1.538e-02 -2.637 -1.704 -0.473 -2.792
0.0152 0.01508 9.69897 1.2645761967 2.5152633190    1.133  2.982  3.5533  0.675    8  0.531  0.429    39.94    25.93    17.31    13.51    11.00  2 -2.61e-08      0.00 6.873e-01 2.973e-01 2.166e-03 1.463e-03 6.736e-03 -1.000 1.538e-02 -2.685 -1.710 -0.433 -2.815
0.0152 0.01508 9.69897 1.2645767927 2.5152635574    1.131  3.098  3.5377  0.497    8  0.531  0.429    58.19    35.80    23.55    18.47    15.05  2  -4.3e-08      0.00 6.873e-01 2.973e-01 2.166e-03 1.463e-03 6.736e-03 -1.000 1.538e-02 -2.975 -1.711 -0.112 -2.919
0.0152 0.01508 9.69897 1.2645775080 2.5152635574    1.130  3.251  3.5172  0.260    8  0.531  0.429    97.52    54.87    35.41    27.95    22.79  2 -8.19e-08      0.00 6.873e-01 2.973e-01 2.166e-03 1.463e-03 6.736e-03 -1.000 1.538e-02 -3.358 -1.572 0.596 -2.913
0.0152 0.01508 9.69897 1.2645783424 2.5152635574    1.128  3.380  3.4997  0.061    8  0.531  0.429   153.27    78.67    49.95    39.64    32.36  1 -1.39e-07      0.00 6.873e-01 2.973e-01 2.166e-03 1.463e-03 6.736e-03 -1.000 1.538e-02 -3.681 -1.349 1.313 -2.781
0.0152 0.01508 9.69897 1.2645792961 2.5152637959    1.125  3.464  3.4883 -0.069    8  0.532  0.429   207.26    99.39    62.44    49.73    40.62  1 -1.96e-07      0.00 6.873e-01 2.973e-01 2.166e-03 1.463e-03 6.736e-03 -1.000 1.538e-02 -3.889 -1.229 1.642 -2.701
0.0152 0.01508 9.69897 1.2645803690 2.5152637959    1.123  3.506  3.4823 -0.137    8  0.532  0.429   243.30   112.30    70.16    55.98    45.74  1 -2.33e-07      0.00 6.873e-01 2.973e-01 2.166e-03 1.463e-03 6.736e-03 -1.000 1.538e-02 -3.995 -1.210 1.702 -2.694
0.0152 0.01508 9.69897 1.2645815611 2.5152640343    1.120  3.525  3.4794 -0.168    8  0.532  0.429   262.13   118.78    74.02    59.11    48.30  1 -2.53e-07      0.00 6.873e-01 2.973e-01 2.166e-03 1.463e-03 6.736e-03 -1.000 1.538e-02 -4.042 -1.199 1.732 -2.688
0.0152 0.01508 9.69897 1.2645829916 2.5152642727    1.117  3.535  3.4796 -0.178    8  0.533  0.429   268.45   120.90    75.27    60.14    49.14  1 -2.67e-07      0.00 6.873e-01 2.973e-01 2.166e-03 1.463e-03 6.736e-03 -1.000 1.538e-02 -4.067 -1.223 1.711 -2.712
0.0152 0.01508 9.69897 1.2645831108 2.5152642727    1.116  3.354  3.5019  0.091    8  0.533  0.429   142.68    74.29    47.28    37.50    30.61  1 -1.29e-07      0.00 6.873e-01 2.973e-01 2.166e-03 1.463e-03 6.736e-03 -1.000 1.538e-02 -3.616 -1.353 1.251 -2.775
0.0152 0.01508 9.69897 1.2645832300 2.5152642727    1.115  3.191  3.5238  0.341    8  0.533  0.429    81.29    47.24    30.68    24.17    19.71  2 -6.62e-08      0.00 6.873e-01 2.973e-01 2.166e-03 1.463e-03 6.736e-03 -1.000 1.538e-02 -3.208 -1.612 0.357 -2.913
0.0152 0.01508 9.69897 1.2645835876 2.5152642727    1.114  3.010  3.5481  0.619    8  0.533  0.429    44.70    28.57    18.98    14.84    12.09  2 -3.09e-08      0.00 6.873e-01 2.973e-01 2.166e-03 1.463e-03 6.736e-03 -1.000 1.538e-02 -2.755 -1.692 -0.319 -2.831
0.0152 0.01508 9.69897 1.2645840645 2.5152642727    1.113  3.029  3.5455  0.590    8  0.533  0.429    47.59    30.14    19.97    15.64    12.73  2 -3.36e-08      0.00 6.873e-01 2.973e-01 2.166e-03 1.463e-03 6.736e-03 -1.000 1.538e-02 -2.802 -1.689 -0.261 -2.846
0.0152 0.01508 9.69897 1.2645847797 2.5152645111    1.111  3.142  3.5300  0.413    8  0.534  0.429    69.40    41.44    27.07    21.29    17.35  2 -5.46e-08      0.00 6.873e-01 2.973e-01 2.166e-03 1.463e-03 6.736e-03 -1.000 1.538e-02 -3.086 -1.653 0.143 -2.913
0.0152 0.01508 9.69897 1.2645854950 2.5152645111    1.109  3.292  3.5095  0.180    8  0.534  0.429   116.27    63.10    40.45    32.02    26.12  1 -1.02e-07      0.00 6.873e-01 2.973e-01 2.166e-03 1.463e-03 6.736e-03 -1.000 1.538e-02 -3.461 -1.424 0.989 -2.810
0.0152 0.01508 9.69897 1.2645864487 2.5152645111    1.106  3.418  3.4921 -0.016    8  0.534  0.429   182.49    89.95    56.74    45.15    36.86  1 -1.71e-07      0.00 6.873e-01 2.973e-01 2.166e-03 1.463e-03 6.736e-03 -1.000 1.538e-02 -3.776 -1.217 1.595 -2.677
0.0152 0.01508 9.69897 1.2645876408 2.5152647495    1.103  3.499  3.4808 -0.143    8  0.535  0.429   246.22   113.11    70.61    56.38    46.06  1 -2.38e-07      0.00 6.873e-01 2.973e-01 2.166e-03 1.463e-03 6.736e-03 -1.000 1.538e-02 -3.978 -1.164 1.753 -2.650
0.0152 0.01508 9.69897 1.2645889521 2.5152649879    1.099  3.540  3.4749 -0.209    8  0.535  0.429   288.23   127.32    79.06    63.25    51.68  1 -2.82e-07      0.00 6.873e-01 2.973e-01 2.166e-03 1.463e-03 6.736e-03 -1.000 1.538e-02 -4.079 -1.163 1.793 -2.659
0.0152 0.01508 9.69897 1.2645903826 2.5152649879    1.095  3.557  3.4721 -0.239    8  0.536  0.429   309.51   134.23    83.14    66.58    54.41  1 -3.05e-07      0.00 6.873e-01 2.973e-01 2.166e-03 1.463e-03 6.736e-03 -1.000 1.538e-02 -4.122 -1.159 1.814 -2.659
0.0152 0.01508 9.69897 1.2645919323 2.5152652264    1.090  3.565  3.4728 -0.247    8  0.537  0.429   315.14   135.99    84.17    67.43    55.10  1 -3.22e-07      0.00 6.873e-01 2.973e-01 2.166e-03 1.463e-03 6.736e-03 -1.000 1.538e-02 -4.143 -1.186 1.789 -2.685
0.0152 0.01508 9.69897 1.2645920515 2.5152652264    1.090  3.396  3.4940  0.008    8  0.537  0.429   172.18    85.85    54.25    43.16    35.23  1 -1.63e-07      0.00 6.873e-01 2.973e-01 2.166e-03 1.463e-03 6.736e-03 -1.000 1.538e-02 -3.719 -1.216 1.557 -2.669
0.0152 0.01508 9.69897 1.2645921707 2.5152652264    1.089  3.234  3.5162  0.257    8  0.537  0.429    97.40    54.63    35.23    27.85    22.71  2 -8.48e-08      0.00 6.873e-01 2.973e-01 2.166e-03 1.463e-03 6.736e-03 -1.000 1.538e-02 -3.316 -1.498 0.700 -2.844
0.0152 0.01508 9.69897 1.2645925283 2.5152654648    1.088  3.053  3.5410  0.537    8  0.537  0.429    52.90    32.94    21.73    17.05    13.88  2 -4.01e-08      0.00 6.873e-01 2.973e-01 2.166e-03 1.463e-03 6.736e-03 -1.000 1.538e-02 -2.864 -1.668 -0.146 -2.854
0.0152 0.01508 9.69897 1.2645931244 2.5152654648    1.086  3.072  3.5383  0.507    8  0.537  0.429    56.40    34.77    22.88    17.96    14.63  2 -4.36e-08      0.00 6.873e-01 2.973e-01 2.166e-03 1.463e-03 6.736e-03 -1.000 1.538e-02 -2.910 -1.659 -0.074 -2.863
0.0152 0.01508 9.69897 1.2645937204 2.5152654648    1.083  3.183  3.5227  0.333    8  0.538  0.429    82.35    47.62    30.90    24.38    19.87  2 -6.98e-08      0.00 6.873e-01 2.973e-01 2.166e-03 1.463e-03 6.736e-03 -1.000 1.538e-02 -3.187 -1.566 0.432 -2.872
0.0152 0.01508 9.69897 1.2645945549 2.5152657032    1.080  3.329  3.5022  0.103    8  0.538  0.429   137.96    72.10    45.91    36.45    29.74  1 -1.28e-07      0.00 6.873e-01 2.973e-01 2.166e-03 1.463e-03 6.736e-03 -1.000 1.538e-02 -3.553 -1.302 1.292 -2.722
0.0152 0.01508 9.69897 1.2645956278 2.5152657032    1.076  3.452  3.4847 -0.091    8  0.539  0.429   216.49   102.28    64.11    51.16    41.78  1 -2.11e-07      0.00 6.873e-01 2.973e-01 2.166e-03 1.463e-03 6.736e-03 -1.000 1.538e-02 -3.859 -1.130 1.760 -2.608
0.0152 0.01508 9.69897 1.2645967007 2.5152659416    1.071  3.530  3.4733 -0.217    8  0.539  0.429   292.05   128.22    79.55    63.71    52.05  1  -2.9e-07      0.00 6.873e-01 2.973e-01 2.166e-03 1.463e-03 6.736e-03 -1.000 1.538e-02 -4.055 -1.115 1.848 -2.613
0.0152 0.01508 9.69897 1.2645981312 2.5152659416    1.066  3.569  3.4673 -0.282    8  0.540  0.429   342.03   144.16    88.96    71.38    58.33  1 -3.43e-07      0.00 6.873e-01 2.973e-01 2.166e-03 1.463e-03 6.736e-03 -1.000 1.538e-02 -4.153 -1.118 1.883 -2.624
0.0152 0.01508 9.69897 1.2645995617 2.5152661800    1.061  3.586  3.4645 -0.312    8  0.541  0.429   367.67   151.99    93.55    75.13    61.41  1 -3.71e-07      0.00 6.873e-01 2.973e-01 2.166e-03 1.463e-03 6.736e-03 -1.000 1.538e-02 -4.194 -1.119 1.900 -2.629
0.0152 0.01508 9.69897 1.2646012306 2.5152664185    1.055  3.594  3.4653 -0.319    8  0.541  0.429   373.67   153.71    94.55    75.97    62.09  1 -3.93e-07      0.00 6.873e-01 2.973e-01 2.166e-03 1.463e-03 6.736e-03 -1.000 1.538e-02 -4.214 -1.145 1.875 -2.655
0.0152 0.01508 9.69897 1.2646013498 2.5152664185    1.054  3.436  3.4853 -0.082    8  0.541  0.429   211.09   100.09    62.77    50.11    40.91  1  -2.1e-07      0.00 6.873e-01 2.973e-01 2.166e-03 1.463e-03 6.736e-03 -1.000 1.538e-02 -3.820 -1.103 1.782 -2.580
0.0152 0.01508 9.69897 1.2646014690 2.5152664185    1.053  3.277  3.5079  0.167    8  0.541  0.429   118.50    63.74    40.79    32.35    26.38  1 -1.11e-07      0.00 6.873e-01 2.973e-01 2.166e-03 1.463e-03 6.736e-03 -1.000 1.538e-02 -3.421 -1.340 1.110 -2.733
0.0152 0.01508 9.69897 1.2646019459 2.5152664185    1.050  3.096  3.5334  0.449    8  0.542  0.429    63.48    38.29    25.07    19.74    16.08  2 -5.34e-08      0.00 6.873e-01 2.973e-01 2.166e-03 1.463e-03 6.736e-03 -1.000 1.538e-02 -2.971 -1.613 0.095 -2.850
0.0152 0.01508 9.69897 1.2646024227 2.5152666569    1.047  3.115  3.5306  0.418    8  0.542  0.429    67.88    40.48    26.44    20.83    16.97  2 -5.81e-08      0.00 6.873e-01 2.973e-01 2.166e-03 1.463e-03 6.736e-03 -1.000 1.538e-02 -3.017 -1.597 0.184 -2.853
0.0152 0.01508 9.69897 1.2646031380 2.5152666569    1.043  3.223  3.5147  0.244    8  0.542  0.429    99.48    55.34    35.63    28.21    23.00  1 -9.19e-08      0.00 6.873e-01 2.973e-01 2.166e-03 1.463e-03 6.736e-03 -1.000 1.538e-02 -3.288 -1.423 0.821 -2.777
0.0152 0.01508 9.69897 1.2646040916 2.5152668953    1.038  3.365  3.4939  0.017    8  0.543  0.429   167.07    83.42    52.72    42.00    34.27  1 -1.65e-07      0.00 6.873e-01 2.973e-01 2.166e-03 1.463e-03 6.736e-03 -1.000 1.538e-02 -3.643 -1.139 1.633 -2.592
0.0152 0.01508 9.69897 1.2646051645 2.5152668953    1.032  3.484  3.4761 -0.176    8  0.543  0.429   262.87   117.96    73.39    58.79    48.00  1 -2.69e-07      0.00 6.873e-01 2.973e-01 2.166e-03 1.463e-03 6.736e-03 -1.000 1.538e-02 -3.940 -1.050 1.892 -2.543
0.0152 0.01508 9.69897 1.2646063566 2.5152671337    1.025  3.560  3.4644 -0.302    8  0.544  0.429   355.81   147.76    90.99    73.14    59.76  1 -3.68e-07      0.00 6.873e-01 2.973e-01 2.166e-03 1.463e-03 6.736e-03 -1.000 1.538e-02 -4.130 -1.057 1.959 -2.567
0.0152 0.01508 9.69897 1.2646077871 2.5152671337    1.017  3.598  3.4581 -0.368    8  0.545  0.429   418.53   166.35   101.88    82.06    67.06  1 -4.47e-07      0.01 6.873e-01 2.973e-01 2.166e-03 1.463e-03 6.736e-03 -1.000 1.538e-02 -4.225 -1.064 2.002 -2.584
0.0152 0.01508 9.69897 1.2646093369 2.5152673721    1.008  3.614  3.4551 -0.400    8  0.546  0.429   452.35   175.87   107.42    86.62    70.79  0 -5.44e-07      0.01 6.873e-01 2.973e-01 2.166e-03 1.463e-03 6.736e-03 -1.000 1.538e-02 -4.265 -1.059 2.044 -2.584
0.0152 0.01508 9.69897 1.2646111250 2.5152676105    0.998  3.622  3.4561 -0.408    8  0.547  0.429   460.34   177.91   108.59    87.61    71.60  0 -6.02e-07      0.01 6.873e-01 2.973e-01 2.166e-03 1.463e-03 6.736e-03 -1.000 1.538e-02 -4.284 -1.084 2.016 -2.608
0.0152 0.01508 9.69897 1.2646112442 2.5152676105    0.997  3.477  3.4746 -0.190    8  0.547  0.429   270.46   120.03    74.56    59.81    48.83  1 -2.89e-07      0.00 6.873e-01 2.973e-01 2.166e-03 1.463e-03 6.736e-03 -1.000 1.538e-02 -3.924 -1.008 1.943 -2.503
0.0152 0.01508 9.69897 1.2646113634 2.5152676105    0.995  3.320  3.4977  0.058    8  0.547  0.429   150.51    76.51    48.50    38.65    31.52  1 -1.56e-07      0.00 6.873e-01 2.973e-01 2.166e-03 1.463e-03 6.736e-03 -1.000 1.538e-02 -3.530 -1.143 1.553 -2.581
0.0152 0.01508 9.69897 1.2646118402 2.5152676105    0.990  3.141  3.5241  0.342    8  0.547  0.429    79.34    45.80    29.71    23.50    19.14  1 -7.66e-08      0.00 6.873e-01 2.973e-01 2.166e-03 1.463e-03 6.736e-03 -1.000 1.538e-02 -3.081 -1.494 0.467 -2.792
0.0152 0.01508 9.69897 1.2646123171 2.5152678490    0.984  3.159  3.5208  0.307    8  0.547  0.429    85.46    48.63    31.46    24.91    20.29  1 -8.41e-08      0.00 6.873e-01 2.973e-01 2.166e-03 1.463e-03 6.736e-03 -1.000 1.538e-02 -3.127 -1.454 0.600 -2.772
0.0152 0.01508 9.69897 1.2646130323 2.5152678490    0.976  3.264  3.5042  0.132    8  0.548  0.429   126.64    66.64    42.49    33.82    27.56  1 -1.32e-07      0.00 6.873e-01 2.973e-01 2.166e-03 1.463e-03 6.736e-03 -1.000 1.538e-02 -3.390 -1.201 1.339 -2.612
0.0152 0.01508 9.69897 1.2646138668 2.5152680874    0.966  3.402  3.4823 -0.097    8  0.548  0.429   215.41   100.62    62.96    50.43    41.15  1 -2.34e-07      0.00 6.873e-01 2.973e-01 2.166e-03 1.463e-03 6.736e-03 -1.000 1.538e-02 -3.734 -0.960 1.938 -2.442
0.0152 0.01508 9.69897 1.2646149397 2.5152680874    0.955  3.517  3.4635 -0.293    8  0.549  0.429   343.97   142.87    87.97    70.86    57.86  1 -3.77e-07      0.00 6.873e-01 2.973e-01 2.166e-03 1.463e-03 6.736e-03 -1.000 1.538e-02 -4.022 -0.941 2.075 -2.451
0.0152 0.01508 9.69897 1.2646161318 2.5152683258    0.942  3.590  3.4507 -0.423    8  0.550  0.429   473.07   180.18   109.76    88.76    72.51  0 -5.42e-07      0.01 6.873e-01 2.973e-01 2.166e-03 1.463e-03 6.736e-03 -1.000 1.538e-02 -4.205 -0.953 2.189 -2.484
0.0152 0.01508 9.69897 1.2646175623 2.5152683258    0.927  3.627  3.4435 -0.496    8  0.550  0.429   565.73   204.62   123.90   100.44    82.07  0 -8.45e-07      0.02 6.873e-01 2.973e-01 2.166e-03 1.463e-03 6.736e-03 -1.000 1.538e-02 -4.297 -0.953 2.293 -2.498
0.0152 0.01508 9.69897 1.2646191120 2.5152685642    0.910  3.642  3.4397 -0.535    8  0.551  0.429   621.75   218.45   131.83   107.04    87.46  0 -1.06e-06      0.03 6.873e-01 2.973e-01 2.166e-03 1.463e-03 6.736e-03 -1.000 1.538e-02 -4.336 -0.936 2.373 -2.490
0.0152 0.01508 9.69897 1.2646209002 2.5152688026    0.892  3.650  3.4493 -0.512    8  0.552  0.429   585.60   208.73   126.17   102.45    83.69  0 -1.16e-06      0.04 6.873e-01 2.973e-01 2.166e-03 1.463e-03 6.736e-03 -1.000 1.538e-02 -4.355 -1.023 2.188 -2.566
0.0152 0.01508 9.69897 1.2646210194 2.5152688026    0.891  3.520  3.4574 -0.350    8  0.552  0.429   391.24   155.68    95.35    77.10    62.93  0 -4.63e-07      0.01 6.873e-01 2.973e-01 2.166e-03 1.463e-03 6.736e-03 -1.000 1.538e-02 -4.029 -0.868 2.196 -2.388
0.0152 0.01508 9.69897 1.2646211386 2.5152688026    0.886  3.364  3.4796 -0.108    8  0.553  0.429   218.04   100.41    62.71    50.39    41.09  1 -2.57e-07      0.00 6.873e-01 2.973e-01 2.166e-03 1.463e-03 6.736e-03 -1.000 1.538e-02 -3.641 -0.816 2.093 -2.303
0.0152 0.01508 9.69897 1.2646214962 2.5152688026    0.879  3.185  3.5046  0.167    8  0.553  0.429   114.86    60.88    38.88    31.02    25.26  1 -1.29e-07      0.00 6.873e-01 2.973e-01 2.166e-03 1.463e-03 6.736e-03 -1.000 1.538e-02 -3.193 -1.021 1.500 -2.428
0.0152 0.01508 9.69897 1.2646220922 2.5152690411    0.868  3.202  3.4955  0.108    8  0.553  0.429   131.12    67.49    42.90    34.29    27.93  1  -1.4e-07      0.00 6.873e-01 2.973e-01 2.166e-03 1.463e-03 6.736e-03 -1.000 1.538e-02 -3.236 -0.805 1.907 -2.249
0.0152 0.01508 9.69897 1.2646228075 2.5152690411    0.854  3.304  3.4705 -0.100    8  0.554  0.429   212.61    97.98    61.22    49.24    40.13  1 -2.11e-07      0.00 6.873e-01 2.973e-01 2.166e-03 1.463e-03 6.736e-03 -1.000 1.538e-02 -3.489 -0.552 2.383 -2.048
0.0152 0.01508 9.69897 1.2646236420 2.5152692795    0.838  3.435  3.4385 -0.369    8  0.554  0.429   405.34   158.41    96.81    78.47    64.03  1 -3.52e-07      0.00 6.873e-01 2.973e-01 2.166e-03 1.463e-03 6.736e-03 -1.000 1.538e-02 -3.819 -0.518 2.711 -2.061
0.0152 0.01508 9.69897 1.2646245956 2.5152692795    0.818  3.545  3.4093 -0.605    8  0.555  0.429   729.98   241.38   144.67   118.10    96.44  0 -6.54e-07      0.01 6.873e-01 2.973e-01 2.166e-03 1.463e-03 6.736e-03 -1.000 1.538e-02 -4.093 -0.561 3.033 -2.144
0.0152 0.01508 9.69897 1.2646257877 2.5152695179    0.796  3.614  3.3882 -0.771    8  0.555  0.429  1113.35   323.31   191.12   156.86   128.16  0 -1.54e-06      0.06 6.873e-01 2.973e-01 2.166e-03 1.463e-03 6.736e-03 -1.000 1.538e-02 -4.266 -0.624 3.089 -2.222
0.0152 0.01508 9.69897 1.2646272182 2.5152695179    0.771  3.648  3.3762 -0.866    8  0.556  0.429  1422.87   381.21   223.52   184.11   150.45  0 -2.51e-06      0.25 6.873e-01 2.973e-01 2.166e-03 1.463e-03 6.736e-03 -1.000 1.538e-02 -4.350 -0.395 3.555 -2.035
0.0152 0.01508 9.69897 1.2646287680 2.5152697563    0.744  3.661  3.3723 -0.910    8  0.557  0.429  1588.69   409.04   238.89   197.23   161.15  0 -3.24e-06      0.36 6.873e-01 2.973e-01 2.166e-03 1.463e-03 6.736e-03 -1.000 1.538e-02 -4.383 -0.252 3.826 -1.915
0.0152 0.01508 9.69897 1.2646304369 2.5152699947    0.715  3.667  3.4849 -0.483    8  0.558  0.429   526.38   186.98   113.02    92.37    75.31  0  -2.3e-06      0.10 6.873e-01 2.973e-01 2.166e-03 1.463e-03 6.736e-03 -1.000 1.538e-02 -4.397 -1.429 1.691 -2.945
0.0152 0.01508 9.69897 1.2646373510 2.5152709484    0.562 -9.999  4.0000  1.654    9  0.562  0.000     0.00     0.00     0.00     0.00     0.00 -1    -1e-30      0.00 6.873e-01 2.973e-01 2.166e-03 1.463e-03 6.736e-03 -1.000 1.538e-02 29.767 29.980 29.970 29.986

